# position_3joints.txt
# Time: t
# Origin: x / y
# Joint: x / y
# Pendulum: x / y
0.000
0 0
5.000 0.000
5.000 -10.000

0.015
0 0
4.998 0.150
5.749 -9.822

0.030
0 0
4.991 0.300
6.495 -9.587

0.045
0 0
4.980 0.449
7.231 -9.294

0.060
0 0
4.964 0.599
7.953 -8.944

0.075
0 0
4.944 0.747
8.657 -8.538

0.090
0 0
4.919 0.895
9.337 -8.076

0.105
0 0
4.890 1.042
9.990 -7.559

0.120
0 0
4.857 1.189
10.610 -6.990

0.135
0 0
4.819 1.334
11.194 -6.371

0.150
0 0
4.777 1.478
11.736 -5.704

0.165
0 0
4.730 1.620
12.232 -4.992

0.180
0 0
4.679 1.761
12.680 -4.239

0.195
0 0
4.625 1.901
13.074 -3.448

0.210
0 0
4.565 2.039
13.412 -2.624

0.225
0 0
4.502 2.175
13.691 -1.771

0.240
0 0
4.435 2.309
13.908 -0.893

0.255
0 0
4.364 2.441
14.062 0.003

0.270
0 0
4.289 2.571
14.150 0.914

0.285
0 0
4.210 2.698
14.172 1.834

0.300
0 0
4.127 2.823
14.126 2.758

0.315
0 0
4.040 2.946
14.013 3.680

0.330
0 0
3.950 3.066
13.832 4.594

0.345
0 0
3.856 3.183
13.585 5.496

0.360
0 0
3.759 3.297
13.272 6.381

0.375
0 0
3.658 3.408
12.894 7.242

0.390
0 0
3.555 3.516
12.455 8.076

0.405
0 0
3.447 3.621
11.956 8.876

0.420
0 0
3.337 3.723
11.399 9.640

0.435
0 0
3.224 3.822
10.789 10.361

0.450
0 0
3.108 3.917
10.129 11.037

0.465
0 0
2.989 4.008
9.422 11.664

0.480
0 0
2.868 4.096
8.673 12.238

0.495
0 0
2.743 4.180
7.886 12.756

0.510
0 0
2.617 4.261
7.065 13.217

0.525
0 0
2.488 4.337
6.215 13.616

0.540
0 0
2.357 4.410
5.341 13.954

0.555
0 0
2.223 4.478
4.448 14.228

0.570
0 0
2.088 4.543
3.541 14.437

0.585
0 0
1.951 4.604
2.624 14.581

0.600
0 0
1.812 4.660
1.703 14.660

0.615
0 0
1.671 4.712
0.783 14.673

0.630
0 0
1.529 4.760
-0.132 14.621

0.645
0 0
1.386 4.804
-1.037 14.506

0.660
0 0
1.241 4.844
-1.926 14.329

0.675
0 0
1.095 4.879
-2.796 14.091

0.690
0 0
0.948 4.909
-3.642 13.793

0.705
0 0
0.801 4.936
-4.460 13.440

0.720
0 0
0.652 4.957
-5.246 13.033

0.735
0 0
0.503 4.975
-5.997 12.574

0.750
0 0
0.354 4.987
-6.708 12.068

0.765
0 0
0.204 4.996
-7.377 11.517

0.780
0 0
0.054 5.000
-8.001 10.925

0.795
0 0
-0.096 4.999
-8.578 10.296

0.810
0 0
-0.246 4.994
-9.105 9.633

0.825
0 0
-0.396 4.984
-9.579 8.942

0.840
0 0
-0.545 4.970
-10.001 8.224

0.855
0 0
-0.694 4.952
-10.367 7.486

0.870
0 0
-0.842 4.929
-10.678 6.731

0.885
0 0
-0.989 4.901
-10.933 5.964

0.900
0 0
-1.136 4.869
-11.131 5.188

0.915
0 0
-1.282 4.833
-11.273 4.408

0.930
0 0
-1.426 4.792
-11.358 3.629

0.945
0 0
-1.569 4.747
-11.388 2.853

0.960
0 0
-1.711 4.698
-11.364 2.086

0.975
0 0
-1.851 4.645
-11.286 1.331

0.990
0 0
-1.989 4.587
-11.157 0.592

1.005
0 0
-2.126 4.525
-10.978 -0.127

1.020
0 0
-2.261 4.460
-10.751 -0.824

1.035
0 0
-2.394 4.390
-10.479 -1.494

1.050
0 0
-2.524 4.316
-10.164 -2.136

1.065
0 0
-2.653 4.238
-9.809 -2.746

1.080
0 0
-2.778 4.157
-9.417 -3.322

1.095
0 0
-2.902 4.072
-8.990 -3.861

1.110
0 0
-3.023 3.983
-8.532 -4.362

1.125
0 0
-3.141 3.890
-8.047 -4.824

1.140
0 0
-3.256 3.794
-7.537 -5.243

1.155
0 0
-3.368 3.695
-7.005 -5.620

1.170
0 0
-3.478 3.592
-6.456 -5.954

1.185
0 0
-3.584 3.486
-5.892 -6.244

1.200
0 0
-3.687 3.377
-5.318 -6.489

1.215
0 0
-3.787 3.265
-4.735 -6.690

1.230
0 0
-3.883 3.150
-4.148 -6.846

1.245
0 0
-3.976 3.032
-3.560 -6.959

1.260
0 0
-4.065 2.912
-2.974 -7.029

1.275
0 0
-4.150 2.788
-2.393 -7.056

1.290
0 0
-4.232 2.663
-1.819 -7.042

1.305
0 0
-4.310 2.535
-1.256 -6.988

1.320
0 0
-4.384 2.404
-0.707 -6.895

1.335
0 0
-4.454 2.272
-0.172 -6.765

1.350
0 0
-4.520 2.137
0.344 -6.600

1.365
0 0
-4.582 2.000
0.841 -6.401

1.380
0 0
-4.640 1.862
1.316 -6.171

1.395
0 0
-4.694 1.722
1.767 -5.911

1.410
0 0
-4.744 1.580
2.193 -5.623

1.425
0 0
-4.789 1.437
2.592 -5.310

1.440
0 0
-4.830 1.293
2.963 -4.973

1.455
0 0
-4.867 1.148
3.306 -4.616

1.470
0 0
-4.899 1.001
3.618 -4.240

1.485
0 0
-4.927 0.854
3.900 -3.847

1.500
0 0
-4.950 0.706
4.151 -3.439

1.515
0 0
-4.969 0.557
4.370 -3.020

1.530
0 0
-4.983 0.408
4.557 -2.590

1.545
0 0
-4.993 0.258
4.712 -2.153

1.560
0 0
-4.999 0.108
4.835 -1.710

1.575
0 0
-5.000 -0.042
4.925 -1.263

1.590
0 0
-4.996 -0.192
4.984 -0.814

1.605
0 0
-4.988 -0.342
5.012 -0.366

1.620
0 0
-4.976 -0.491
5.008 0.080

1.635
0 0
-4.959 -0.640
4.973 0.522

1.650
0 0
-4.937 -0.789
4.909 0.959

1.665
0 0
-4.912 -0.936
4.815 1.388

1.680
0 0
-4.881 -1.083
4.692 1.808

1.695
0 0
-4.847 -1.229
4.541 2.217

1.710
0 0
-4.807 -1.374
4.363 2.614

1.725
0 0
-4.764 -1.518
4.159 2.997

1.740
0 0
-4.716 -1.660
3.929 3.365

1.755
0 0
-4.665 -1.801
3.675 3.717

1.770
0 0
-4.608 -1.940
3.398 4.051

1.785
0 0
-4.548 -2.077
3.099 4.367

1.800
0 0
-4.484 -2.213
2.778 4.662

1.815
0 0
-4.415 -2.346
2.438 4.936

1.830
0 0
-4.343 -2.477
2.079 5.188

1.845
0 0
-4.267 -2.607
1.702 5.417

1.860
0 0
-4.187 -2.733
1.309 5.621

1.875
0 0
-4.103 -2.858
0.900 5.801

1.890
0 0
-4.015 -2.980
0.478 5.954

1.905
0 0
-3.924 -3.099
0.044 6.080

1.920
0 0
-3.829 -3.215
-0.401 6.179

1.935
0 0
-3.731 -3.328
-0.856 6.249

1.950
0 0
-3.630 -3.439
-1.319 6.291

1.965
0 0
-3.525 -3.546
-1.789 6.302

1.980
0 0
-3.417 -3.650
-2.263 6.283

1.995
0 0
-3.306 -3.751
-2.741 6.233

2.010
0 0
-3.192 -3.849
-3.220 6.151

2.025
0 0
-3.075 -3.943
-3.700 6.038

2.040
0 0
-2.955 -4.033
-4.177 5.892

2.055
0 0
-2.833 -4.120
-4.651 5.714

2.070
0 0
-2.708 -4.203
-5.118 5.502

2.085
0 0
-2.581 -4.282
-5.579 5.258

2.100
0 0
-2.451 -4.358
-6.029 4.980

2.115
0 0
-2.319 -4.429
-6.468 4.670

2.130
0 0
-2.186 -4.497
-6.892 4.326

2.145
0 0
-2.050 -4.561
-7.301 3.950

2.160
0 0
-1.912 -4.620
-7.690 3.541

2.175
0 0
-1.773 -4.675
-8.059 3.101

2.190
0 0
-1.632 -4.726
-8.405 2.630

2.205
0 0
-1.489 -4.773
-8.725 2.129

2.220
0 0
-1.345 -4.816
-9.017 1.599

2.235
0 0
-1.200 -4.854
-9.278 1.041

2.250
0 0
-1.054 -4.888
-9.506 0.457

2.265
0 0
-0.907 -4.917
-9.698 -0.152

2.280
0 0
-0.759 -4.942
-9.853 -0.783

2.295
0 0
-0.610 -4.963
-9.968 -1.435

2.310
0 0
-0.461 -4.979
-10.040 -2.106

2.325
0 0
-0.312 -4.990
-10.067 -2.792

2.340
0 0
-0.162 -4.997
-10.048 -3.490

2.355
0 0
-0.012 -5.000
-9.980 -4.199

2.370
0 0
0.138 -4.998
-9.862 -4.913

2.385
0 0
0.288 -4.992
-9.692 -5.630

2.400
0 0
0.437 -4.981
-9.469 -6.346

2.415
0 0
0.587 -4.965
-9.192 -7.057

2.430
0 0
0.735 -4.946
-8.861 -7.758

2.445
0 0
0.883 -4.921
-8.475 -8.445

2.460
0 0
1.031 -4.893
-8.035 -9.114

2.475
0 0
1.177 -4.860
-7.540 -9.760

2.490
0 0
1.322 -4.822
-6.992 -10.379

2.505
0 0
1.466 -4.780
-6.392 -10.964

2.520
0 0
1.609 -4.734
-5.743 -11.513

2.535
0 0
1.750 -4.684
-5.045 -12.020

2.550
0 0
1.890 -4.629
-4.303 -12.481

2.565
0 0
2.028 -4.570
-3.519 -12.891

2.580
0 0
2.164 -4.507
-2.697 -13.246

2.595
0 0
2.298 -4.440
-1.842 -13.543

2.610
0 0
2.430 -4.370
-0.957 -13.778

2.625
0 0
2.560 -4.295
-0.048 -13.948

2.640
0 0
2.688 -4.216
0.880 -14.051

2.655
0 0
2.813 -4.133
1.821 -14.084

2.670
0 0
2.936 -4.047
2.769 -14.046

2.685
0 0
3.056 -3.957
3.719 -13.935

2.700
0 0
3.173 -3.864
4.663 -13.752

2.715
0 0
3.288 -3.767
5.597 -13.497

2.730
0 0
3.399 -3.667
6.513 -13.170

2.745
0 0
3.508 -3.563
7.405 -12.772

2.760
0 0
3.613 -3.456
8.268 -12.307

2.775
0 0
3.715 -3.346
9.095 -11.776

2.790
0 0
3.814 -3.233
9.881 -11.183

2.805
0 0
3.909 -3.117
10.620 -10.531

2.820
0 0
4.001 -2.999
11.309 -9.825

2.835
0 0
4.089 -2.877
11.942 -9.069

2.850
0 0
4.174 -2.753
12.515 -8.269

2.865
0 0
4.254 -2.627
13.026 -7.429

2.880
0 0
4.331 -2.498
13.471 -6.555

2.895
0 0
4.404 -2.367
13.849 -5.654

2.910
0 0
4.473 -2.234
14.157 -4.730

2.925
0 0
4.538 -2.099
14.394 -3.791

2.940
0 0
4.599 -1.962
14.560 -2.841

2.955
0 0
4.656 -1.823
14.656 -1.888

2.970
0 0
4.708 -1.682
14.681 -0.936

2.985
0 0
4.757 -1.540
14.636 0.009

3.000
0 0
4.801 -1.397
14.524 0.941

3.015
0 0
4.841 -1.252
14.346 1.855

3.030
0 0
4.876 -1.107
14.104 2.746

3.045
0 0
4.907 -0.960
13.802 3.609

3.060
0 0
4.934 -0.812
13.443 4.441

3.075
0 0
4.956 -0.664
13.029 5.237

3.090
0 0
4.973 -0.515
12.565 5.994

3.105
0 0
4.987 -0.366
12.054 6.709

3.120
0 0
4.995 -0.216
11.500 7.379

3.135
0 0
5.000 -0.066
10.908 8.002

3.150
0 0
4.999 0.084
10.282 8.575

3.165
0 0
4.995 0.234
9.624 9.098

3.180
0 0
4.985 0.384
8.941 9.568

3.195
0 0
4.972 0.533
8.236 9.985

3.210
0 0
4.953 0.682
7.513 10.349

3.225
0 0
4.931 0.830
6.777 10.658

3.240
0 0
4.903 0.978
6.030 10.914

3.255
0 0
4.872 1.124
5.278 11.116

3.270
0 0
4.836 1.270
4.524 11.265

3.285
0 0
4.796 1.414
3.771 11.362

3.300
0 0
4.751 1.558
3.024 11.407

3.315
0 0
4.702 1.700
2.285 11.403

3.330
0 0
4.649 1.840
1.557 11.350

3.345
0 0
4.592 1.978
0.844 11.249

3.360
0 0
4.531 2.115
0.148 11.104

3.375
0 0
4.465 2.250
-0.527 10.915

3.390
0 0
4.396 2.383
-1.180 10.684

3.405
0 0
4.322 2.514
-1.808 10.415

3.420
0 0
4.245 2.642
-2.409 10.108

3.435
0 0
4.164 2.769
-2.981 9.766

3.450
0 0
4.079 2.892
-3.521 9.392

3.465
0 0
3.990 3.013
-4.029 8.987

3.480
0 0
3.898 3.132
-4.504 8.555

3.495
0 0
3.802 3.247
-4.942 8.098

3.510
0 0
3.703 3.360
-5.345 7.619

3.525
0 0
3.601 3.469
-5.709 7.119

3.540
0 0
3.495 3.576
-6.036 6.603

3.555
0 0
3.386 3.679
-6.323 6.072

3.570
0 0
3.274 3.779
-6.571 5.529

3.585
0 0
3.159 3.875
-6.780 4.977

3.600
0 0
3.042 3.968
-6.948 4.418

3.615
0 0
2.921 4.058
-7.077 3.855

3.630
0 0
2.798 4.144
-7.165 3.291

3.645
0 0
2.673 4.226
-7.214 2.728

3.660
0 0
2.545 4.304
-7.225 2.169

3.675
0 0
2.415 4.378
-7.196 1.615

3.690
0 0
2.282 4.449
-7.130 1.071

3.705
0 0
2.148 4.515
-7.027 0.538

3.720
0 0
2.011 4.578
-6.888 0.018

3.735
0 0
1.873 4.636
-6.715 -0.487

3.750
0 0
1.733 4.690
-6.508 -0.974

3.765
0 0
1.592 4.740
-6.270 -1.441

3.780
0 0
1.449 4.785
-6.000 -1.886

3.795
0 0
1.305 4.827
-5.702 -2.308

3.810
0 0
1.159 4.864
-5.377 -2.704

3.825
0 0
1.013 4.896
-5.027 -3.073

3.840
0 0
0.866 4.925
-4.654 -3.414

3.855
0 0
0.717 4.948
-4.259 -3.725

3.870
0 0
0.569 4.968
-3.846 -4.005

3.885
0 0
0.419 4.982
-3.415 -4.253

3.900
0 0
0.270 4.993
-2.970 -4.468

3.915
0 0
0.120 4.999
-2.512 -4.649

3.930
0 0
-0.030 5.000
-2.045 -4.795

3.945
0 0
-0.180 4.997
-1.569 -4.906

3.960
0 0
-0.330 4.989
-1.089 -4.982

3.975
0 0
-0.479 4.977
-0.606 -5.022

3.990
0 0
-0.628 4.960
-0.122 -5.027

4.005
0 0
-0.777 4.939
0.360 -4.996

4.020
0 0
-0.925 4.914
0.838 -4.930

4.035
0 0
-1.072 4.884
1.309 -4.829

4.050
0 0
-1.218 4.849
1.771 -4.694

4.065
0 0
-1.363 4.811
2.222 -4.525

4.080
0 0
-1.506 4.768
2.659 -4.324

4.095
0 0
-1.649 4.720
3.081 -4.090

4.110
0 0
-1.790 4.669
3.485 -3.827

4.125
0 0
-1.929 4.613
3.870 -3.534

4.140
0 0
-2.066 4.553
4.233 -3.213

4.155
0 0
-2.202 4.489
4.573 -2.866

4.170
0 0
-2.336 4.421
4.888 -2.494

4.185
0 0
-2.467 4.349
5.177 -2.099

4.200
0 0
-2.596 4.273
5.437 -1.682

4.215
0 0
-2.723 4.193
5.668 -1.246

4.230
0 0
-2.848 4.110
5.868 -0.792

4.245
0 0
-2.970 4.022
6.037 -0.322

4.260
0 0
-3.089 3.931
6.173 0.161

4.275
0 0
-3.206 3.837
6.275 0.656

4.290
0 0
-3.319 3.739
6.342 1.160

4.305
0 0
-3.430 3.638
6.375 1.671

4.320
0 0
-3.538 3.533
6.371 2.187

4.335
0 0
-3.642 3.426
6.332 2.706

4.350
0 0
-3.743 3.315
6.256 3.225

4.365
0 0
-3.841 3.201
6.144 3.743

4.380
0 0
-3.935 3.084
5.996 4.256

4.395
0 0
-4.026 2.965
5.811 4.762

4.410
0 0
-4.113 2.843
5.590 5.260

4.425
0 0
-4.197 2.718
5.334 5.747

4.440
0 0
-4.276 2.591
5.042 6.220

4.455
0 0
-4.352 2.462
4.716 6.678

4.470
0 0
-4.424 2.330
4.356 7.117

4.485
0 0
-4.492 2.196
3.963 7.537

4.500
0 0
-4.556 2.061
3.538 7.934

4.515
0 0
-4.615 1.923
3.082 8.306

4.530
0 0
-4.671 1.784
2.597 8.652

4.545
0 0
-4.722 1.643
2.084 8.969

4.560
0 0
-4.770 1.500
1.544 9.255

4.575
0 0
-4.812 1.357
0.979 9.509

4.590
0 0
-4.851 1.212
0.392 9.727

4.605
0 0
-4.885 1.066
-0.217 9.909

4.620
0 0
-4.915 0.919
-0.845 10.053

4.635
0 0
-4.940 0.771
-1.490 10.157

4.650
0 0
-4.961 0.622
-2.150 10.219

4.665
0 0
-4.978 0.473
-2.821 10.238

4.680
0 0
-4.990 0.324
-3.501 10.212

4.695
0 0
-4.997 0.174
-4.188 10.141

4.710
0 0
-5.000 0.024
-4.879 10.023

4.725
0 0
-4.998 -0.126
-5.570 9.858

4.740
0 0
-4.992 -0.276
-6.259 9.643

4.755
0 0
-4.982 -0.426
-6.942 9.380

4.770
0 0
-4.967 -0.575
-7.615 9.068

4.785
0 0
-4.947 -0.724
-8.275 8.707

4.800
0 0
-4.923 -0.872
-8.919 8.296

4.815
0 0
-4.895 -1.019
-9.542 7.836

4.830
0 0
-4.862 -1.165
-10.141 7.328

4.845
0 0
-4.825 -1.311
-10.712 6.773

4.860
0 0
-4.784 -1.455
-11.251 6.172

4.875
0 0
-4.738 -1.598
-11.755 5.527

4.890
0 0
-4.688 -1.739
-12.219 4.839

4.905
0 0
-4.634 -1.879
-12.640 4.112

4.920
0 0
-4.575 -2.017
-13.015 3.347

4.935
0 0
-4.513 -2.153
-13.338 2.549

4.950
0 0
-4.446 -2.288
-13.608 1.719

4.965
0 0
-4.375 -2.420
-13.821 0.862

4.980
0 0
-4.301 -2.550
-13.975 -0.018

4.995
0 0
-4.222 -2.678
-14.066 -0.916

5.010
0 0
-4.140 -2.803
-14.092 -1.828

5.025
0 0
-4.054 -2.926
-14.053 -2.749

5.040
0 0
-3.965 -3.047
-13.945 -3.673

5.055
0 0
-3.871 -3.164
-13.769 -4.595

5.070
0 0
-3.775 -3.279
-13.523 -5.509

5.085
0 0
-3.675 -3.391
-13.208 -6.410

5.100
0 0
-3.571 -3.499
-12.825 -7.291

5.115
0 0
-3.465 -3.605
-12.374 -8.147

5.130
0 0
-3.355 -3.707
-11.858 -8.971

5.145
0 0
-3.242 -3.806
-11.278 -9.759

5.160
0 0
-3.127 -3.902
-10.638 -10.504

5.175
0 0
-3.008 -3.994
-9.941 -11.201

5.190
0 0
-2.887 -4.082
-9.191 -11.845

5.205
0 0
-2.763 -4.167
-8.392 -12.432

5.220
0 0
-2.637 -4.248
-7.550 -12.958

5.235
0 0
-2.509 -4.325
-6.670 -13.418

5.250
0 0
-2.378 -4.398
-5.758 -13.810

5.265
0 0
-2.245 -4.468
-4.819 -14.131

5.280
0 0
-2.110 -4.533
-3.860 -14.379

5.295
0 0
-1.973 -4.594
-2.888 -14.552

5.310
0 0
-1.834 -4.651
-1.908 -14.651

5.325
0 0
-1.694 -4.704
-0.928 -14.675

5.340
0 0
-1.552 -4.753
0.046 -14.625

5.355
0 0
-1.409 -4.798
1.008 -14.501

5.370
0 0
-1.264 -4.838
1.952 -14.306

5.385
0 0
-1.118 -4.873
2.872 -14.043

5.400
0 0
-0.972 -4.905
3.762 -13.713

5.415
0 0
-0.824 -4.932
4.618 -13.321

5.430
0 0
-0.676 -4.954
5.434 -12.871

5.445
0 0
-0.527 -4.972
6.207 -12.365

5.460
0 0
-0.378 -4.986
6.932 -11.810

5.475
0 0
-0.228 -4.995
7.606 -11.210

5.490
0 0
-0.078 -4.999
8.227 -10.570

5.505
0 0
0.072 -4.999
8.792 -9.894

5.520
0 0
0.222 -4.995
9.300 -9.189

5.535
0 0
0.372 -4.986
9.750 -8.458

5.550
0 0
0.521 -4.973
10.140 -7.708

5.565
0 0
0.670 -4.955
10.471 -6.943

5.580
0 0
0.818 -4.933
10.742 -6.168

5.595
0 0
0.966 -4.906
10.954 -5.388

5.610
0 0
1.113 -4.875
11.109 -4.607

5.625
0 0
1.258 -4.839
11.207 -3.830

5.640
0 0
1.403 -4.799
11.251 -3.061

5.655
0 0
1.546 -4.755
11.241 -2.303

5.670
0 0
1.688 -4.706
11.181 -1.561

5.685
0 0
1.829 -4.654
11.071 -0.836

5.700
0 0
1.967 -4.597
10.916 -0.133

5.715
0 0
2.104 -4.536
10.717 0.546

5.730
0 0
2.240 -4.470
10.478 1.198

5.745
0 0
2.373 -4.401
10.200 1.823

5.760
0 0
2.504 -4.328
9.886 2.417

5.775
0 0
2.632 -4.251
9.541 2.979

5.790
0 0
2.759 -4.170
9.165 3.508

5.805
0 0
2.882 -4.086
8.763 4.002

5.820
0 0
3.004 -3.997
8.337 4.462

5.835
0 0
3.122 -3.905
7.890 4.885

5.850
0 0
3.238 -3.810
7.424 5.272

5.865
0 0
3.351 -3.711
6.942 5.622

5.880
0 0
3.461 -3.609
6.446 5.935

5.895
0 0
3.567 -3.503
5.940 6.211

5.910
0 0
3.671 -3.395
5.426 6.450

5.925
0 0
3.771 -3.283
4.905 6.652

5.940
0 0
3.868 -3.169
4.380 6.818

5.955
0 0
3.961 -3.051
3.854 6.948

5.970
0 0
4.051 -2.931
3.328 7.043

5.985
0 0
4.137 -2.808
2.804 7.103

6.000
0 0
4.219 -2.683
2.285 7.128

6.015
0 0
4.298 -2.555
1.772 7.121

6.030
0 0
4.373 -2.425
1.267 7.080

6.045
0 0
4.443 -2.293
0.771 7.008

6.060
0 0
4.510 -2.158
0.287 6.906

6.075
0 0
4.573 -2.022
-0.185 6.774

6.090
0 0
4.631 -1.884
-0.642 6.613

6.105
0 0
4.686 -1.744
-1.083 6.424

6.120
0 0
4.736 -1.603
-1.507 6.209

6.135
0 0
4.782 -1.460
-1.913 5.968

6.150
0 0
4.824 -1.316
-2.298 5.704

6.165
0 0
4.861 -1.171
-2.663 5.416

6.180
0 0
4.894 -1.025
-3.006 5.107

6.195
0 0
4.922 -0.877
-3.325 4.778

6.210
0 0
4.947 -0.729
-3.620 4.430

6.225
0 0
4.966 -0.581
-3.890 4.064

6.240
0 0
4.981 -0.431
-4.133 3.683

6.255
0 0
4.992 -0.282
-4.350 3.287

6.270
0 0
4.998 -0.132
-4.538 2.878

6.285
0 0
5.000 0.018
-4.698 2.458

6.300
0 0
4.997 0.168
-4.828 2.029

6.315
0 0
4.990 0.318
-4.929 1.591

6.330
0 0
4.978 0.467
-4.999 1.148

6.345
0 0
4.962 0.617
-5.038 0.700

6.360
0 0
4.941 0.765
-5.046 0.250

6.375
0 0
4.916 0.913
-5.022 -0.201

6.390
0 0
4.886 1.060
-4.966 -0.651

6.405
0 0
4.852 1.206
-4.879 -1.097

6.420
0 0
4.814 1.351
-4.760 -1.537

6.435
0 0
4.771 1.495
-4.609 -1.971

6.450
0 0
4.724 1.637
-4.427 -2.395

6.465
0 0
4.673 1.778
-4.214 -2.807

6.480
0 0
4.618 1.918
-3.970 -3.206

6.495
0 0
4.558 2.055
-3.697 -3.589

6.510
0 0
4.494 2.191
-3.394 -3.955

6.525
0 0
4.427 2.325
-3.063 -4.301

6.540
0 0
4.355 2.457
-2.706 -4.625

6.555
0 0
4.279 2.586
-2.322 -4.925

6.570
0 0
4.200 2.713
-1.914 -5.200

6.585
0 0
4.116 2.838
-1.483 -5.447

6.600
0 0
4.029 2.960
-1.030 -5.665

6.615
0 0
3.939 3.080
-0.559 -5.852

6.630
0 0
3.845 3.197
-0.069 -6.006

6.645
0 0
3.747 3.311
0.436 -6.125

6.660
0 0
3.646 3.421
0.954 -6.209

6.675
0 0
3.542 3.529
1.483 -6.257

6.690
0 0
3.434 3.634
2.021 -6.266

6.705
0 0
3.324 3.735
2.564 -6.236

6.720
0 0
3.210 3.833
3.111 -6.166

6.735
0 0
3.094 3.928
3.658 -6.056

6.750
0 0
2.975 4.019
4.202 -5.905

6.765
0 0
2.853 4.106
4.742 -5.714

6.780
0 0
2.728 4.190
5.273 -5.481

6.795
0 0
2.601 4.270
5.792 -5.207

6.810
0 0
2.472 4.346
6.297 -4.893

6.825
0 0
2.341 4.418
6.785 -4.540

6.840
0 0
2.207 4.487
7.253 -4.147

6.855
0 0
2.071 4.551
7.697 -3.717

6.870
0 0
1.934 4.611
8.115 -3.250

6.885
0 0
1.795 4.667
8.504 -2.749

6.900
0 0
1.654 4.718
8.861 -2.215

6.915
0 0
1.512 4.766
9.183 -1.649

6.930
0 0
1.368 4.809
9.468 -1.055

6.945
0 0
1.223 4.848
9.714 -0.434

6.960
0 0
1.077 4.883
9.918 0.210

6.975
0 0
0.930 4.913
10.079 0.875

6.990
0 0
0.783 4.938
10.194 1.558

7.005
0 0
0.634 4.960
10.262 2.256

7.020
0 0
0.485 4.976
10.281 2.965

7.035
0 0
0.336 4.989
10.250 3.682

7.050
0 0
0.186 4.997
10.168 4.404

7.065
0 0
0.036 5.000
10.035 5.126

7.080
0 0
-0.114 4.999
9.850 5.846

7.095
0 0
-0.264 4.993
9.613 6.559

7.110
0 0
-0.414 4.983
9.323 7.262

7.125
0 0
-0.563 4.968
8.982 7.950

7.140
0 0
-0.712 4.949
8.590 8.620

7.155
0 0
-0.860 4.926
8.148 9.268

7.170
0 0
-1.007 4.897
7.657 9.891

7.185
0 0
-1.154 4.865
7.119 10.484

7.200
0 0
-1.299 4.828
6.535 11.043

7.215
0 0
-1.443 4.787
5.908 11.567

7.230
0 0
-1.586 4.742
5.240 12.050

7.245
0 0
-1.728 4.692
4.533 12.490

7.260
0 0
-1.868 4.638
3.791 12.883

7.275
0 0
-2.006 4.580
3.016 13.227

7.290
0 0
-2.143 4.518
2.213 13.519

7.305
0 0
-2.277 4.451
1.385 13.757

7.320
0 0
-2.410 4.381
0.534 13.938

7.335
0 0
-2.540 4.307
-0.333 14.060

7.350
0 0
-2.668 4.229
-1.214 14.122

7.365
0 0
-2.794 4.147
-2.103 14.123

7.380
0 0
-2.917 4.061
-2.996 14.061

7.395
0 0
-3.037 3.972
-3.889 13.935

7.410
0 0
-3.155 3.879
-4.777 13.747

7.425
0 0
-3.270 3.783
-5.655 13.494

7.440
0 0
-3.382 3.683
-6.517 13.178

7.455
0 0
-3.491 3.580
-7.360 12.801

7.470
0 0
-3.597 3.473
-8.179 12.362

7.485
0 0
-3.699 3.364
-8.967 11.864

7.500
0 0
-3.798 3.251
-9.722 11.308

7.515
0 0
-3.894 3.136
-10.438 10.698

7.530
0 0
-3.987 3.018
-11.111 10.035

7.545
0 0
-4.075 2.897
-11.736 9.324

7.560
0 0
-4.160 2.773
-12.311 8.568

7.575
0 0
-4.242 2.647
-12.830 7.770

7.590
0 0
-4.319 2.519
-13.291 6.935

7.605
0 0
-4.393 2.388
-13.691 6.068

7.620
0 0
-4.462 2.255
-14.027 5.174

7.635
0 0
-4.528 2.120
-14.297 4.257

7.650
0 0
-4.590 1.984
-14.500 3.323

7.665
0 0
-4.647 1.845
-14.633 2.377

7.680
0 0
-4.700 1.705
-14.696 1.426

7.695
0 0
-4.749 1.563
-14.690 0.474

7.710
0 0
-4.794 1.420
-14.614 -0.472

7.725
0 0
-4.835 1.276
-14.468 -1.407

7.740
0 0
-4.871 1.130
-14.255 -2.326

7.755
0 0
-4.902 0.983
-13.975 -3.222

7.770
0 0
-4.930 0.836
-13.632 -4.091

7.785
0 0
-4.952 0.688
-13.227 -4.928

7.800
0 0
-4.971 0.539
-12.764 -5.727

7.815
0 0
-4.985 0.389
-12.247 -6.485

7.830
0 0
-4.994 0.240
-11.679 -7.197

7.845
0 0
-4.999 0.090
-11.065 -7.860

7.860
0 0
-5.000 -0.060
-10.409 -8.471

7.875
0 0
-4.996 -0.210
-9.716 -9.026

7.890
0 0
-4.987 -0.360
-8.991 -9.523

7.905
0 0
-4.974 -0.509
-8.239 -9.961

7.920
0 0
-4.956 -0.658
-7.465 -10.338

7.935
0 0
-4.935 -0.807
-6.675 -10.654

7.950
0 0
-4.908 -0.954
-5.873 -10.908

7.965
0 0
-4.877 -1.101
-5.065 -11.099

7.980
0 0
-4.842 -1.247
-4.255 -11.230

7.995
0 0
-4.802 -1.392
-3.450 -11.300

8.010
0 0
-4.759 -1.535
-2.652 -11.311

8.025
0 0
-4.710 -1.677
-1.868 -11.265

8.040
0 0
-4.658 -1.818
-1.100 -11.163

8.055
0 0
-4.601 -1.956
-0.353 -11.009

8.070
0 0
-4.541 -2.094
0.369 -10.806

8.085
0 0
-4.476 -2.229
1.063 -10.555

8.100
0 0
-4.407 -2.362
1.727 -10.260

8.115
0 0
-4.334 -2.493
2.358 -9.924

8.130
0 0
-4.257 -2.622
2.953 -9.551

8.145
0 0
-4.177 -2.749
3.510 -9.145

8.160
0 0
-4.092 -2.873
4.029 -8.708

8.175
0 0
-4.004 -2.994
4.507 -8.244

8.190
0 0
-3.913 -3.113
4.944 -7.756

8.205
0 0
-3.818 -3.229
5.338 -7.250

8.220
0 0
-3.719 -3.342
5.691 -6.726

8.235
0 0
-3.617 -3.452
6.001 -6.190

8.250
0 0
-3.512 -3.559
6.268 -5.643

8.265
0 0
-3.404 -3.663
6.494 -5.090

8.280
0 0
-3.292 -3.763
6.678 -4.534

8.295
0 0
-3.178 -3.860
6.821 -3.976

8.310
0 0
-3.061 -3.954
6.925 -3.420

8.325
0 0
-2.941 -4.044
6.990 -2.868

8.340
0 0
-2.818 -4.130
7.017 -2.323

8.355
0 0
-2.693 -4.213
7.008 -1.787

8.370
0 0
-2.565 -4.292
6.965 -1.262

8.385
0 0
-2.435 -4.367
6.887 -0.750

8.400
0 0
-2.303 -4.438
6.778 -0.252

8.415
0 0
-2.169 -4.505
6.639 0.230

8.430
0 0
-2.033 -4.568
6.471 0.694

8.445
0 0
-1.895 -4.627
6.275 1.139

8.460
0 0
-1.756 -4.682
6.055 1.563

8.475
0 0
-1.614 -4.732
5.810 1.967

8.490
0 0
-1.472 -4.779
5.544 2.348

8.505
0 0
-1.328 -4.821
5.257 2.706

8.520
0 0
-1.182 -4.858
4.951 3.040

8.535
0 0
-1.036 -4.891
4.627 3.350

8.550
0 0
-0.889 -4.920
4.288 3.635

8.565
0 0
-0.741 -4.945
3.936 3.894

8.580
0 0
-0.592 -4.965
3.570 4.128

8.595
0 0
-0.443 -4.980
3.194 4.335

8.610
0 0
-0.294 -4.991
2.808 4.516

8.625
0 0
-0.144 -4.998
2.414 4.669

8.640
0 0
0.006 -5.000
2.013 4.796

8.655
0 0
0.156 -4.998
1.608 4.896

8.670
0 0
0.306 -4.991
1.199 4.969

8.685
0 0
0.456 -4.979
0.788 5.015

8.700
0 0
0.605 -4.963
0.376 5.034

8.715
0 0
0.753 -4.943
-0.036 5.026

8.730
0 0
0.901 -4.918
-0.445 4.991

8.745
0 0
1.048 -4.889
-0.851 4.929

8.760
0 0
1.195 -4.855
-1.253 4.841

8.775
0 0
1.340 -4.817
-1.648 4.726

8.790
0 0
1.484 -4.775
-2.036 4.585

8.805
0 0
1.626 -4.728
-2.414 4.419

8.820
0 0
1.767 -4.677
-2.783 4.227

8.835
0 0
1.907 -4.622
-3.140 4.011

8.850
0 0
2.044 -4.563
-3.484 3.770

8.865
0 0
2.180 -4.500
-3.814 3.505

8.880
0 0
2.314 -4.432
-4.127 3.217

8.895
0 0
2.446 -4.361
-4.424 2.906

8.910
0 0
2.576 -4.285
-4.702 2.573

8.925
0 0
2.703 -4.206
-4.959 2.219

8.940
0 0
2.828 -4.123
-5.196 1.845

8.955
0 0
2.951 -4.036
-5.409 1.452

8.970
0 0
3.070 -3.946
-5.598 1.040

8.985
0 0
3.187 -3.852
-5.761 0.612

9.000
0 0
3.302 -3.755
-5.897 0.167

9.015
0 0
3.413 -3.654
-6.005 -0.291

9.030
0 0
3.521 -3.550
-6.083 -0.762

9.045
0 0
3.626 -3.443
-6.130 -1.245

9.060
0 0
3.727 -3.333
-6.144 -1.737

9.075
0 0
3.826 -3.219
-6.126 -2.236

9.090
0 0
3.920 -3.103
-6.073 -2.741

9.105
0 0
4.012 -2.984
-5.985 -3.250

9.120
0 0
4.100 -2.863
-5.860 -3.759

9.135
0 0
4.184 -2.738
-5.699 -4.268

9.150
0 0
4.264 -2.612
-5.500 -4.773

9.165
0 0
4.340 -2.482
-5.263 -5.272

9.180
0 0
4.413 -2.351
-4.988 -5.761

9.195
0 0
4.481 -2.218
-4.674 -6.240

9.210
0 0
4.546 -2.082
-4.323 -6.703

9.225
0 0
4.606 -1.945
-3.933 -7.149

9.240
0 0
4.662 -1.806
-3.506 -7.574

9.255
0 0
4.715 -1.665
-3.043 -7.976

9.270
0 0
4.762 -1.523
-2.544 -8.351

9.285
0 0
4.806 -1.380
-2.011 -8.696

9.300
0 0
4.845 -1.235
-1.445 -9.009

9.315
0 0
4.880 -1.089
-0.848 -9.286

9.330
0 0
4.910 -0.942
-0.223 -9.524

9.345
0 0
4.936 -0.794
0.428 -9.720

9.360
0 0
4.958 -0.646
1.102 -9.873

9.375
0 0
4.975 -0.497
1.797 -9.979

9.390
0 0
4.988 -0.347
2.509 -10.035

9.405
0 0
4.996 -0.198
3.235 -10.041

9.420
0 0
5.000 -0.048
3.970 -9.995

9.435
0 0
4.999 0.102
4.712 -9.894

9.450
0 0
4.994 0.252
5.455 -9.737

9.465
0 0
4.984 0.402
6.195 -9.525

9.480
0 0
4.970 0.551
6.928 -9.255

9.495
0 0
4.951 0.700
7.649 -8.929

9.510
0 0
4.928 0.848
8.354 -8.546

9.525
0 0
4.900 0.996
9.038 -8.108

9.540
0 0
4.868 1.142
9.696 -7.615

9.555
0 0
4.831 1.288
10.323 -7.069

9.570
0 0
4.791 1.432
10.916 -6.473

9.585
0 0
4.745 1.575
11.469 -5.827

9.600
0 0
4.696 1.717
11.979 -5.136

9.615
0 0
4.642 1.857
12.441 -4.403

9.630
0 0
4.585 1.995
12.852 -3.630

9.645
0 0
4.523 2.132
13.209 -2.823

9.660
0 0
4.457 2.266
13.508 -1.985

9.675
0 0
4.387 2.399
13.747 -1.121

9.690
0 0
4.313 2.530
13.923 -0.236

9.705
0 0
4.235 2.658
14.035 0.666

9.720
0 0
4.153 2.784
14.081 1.579

9.735
0 0
4.068 2.907
14.060 2.498

9.750
0 0
3.979 3.028
13.971 3.418

9.765
0 0
3.886 3.146
13.816 4.332

9.780
0 0
3.790 3.261
13.593 5.237

9.795
0 0
3.691 3.373
13.305 6.126

9.810
0 0
3.588 3.482
12.951 6.994

9.825
0 0
3.482 3.588
12.535 7.836

9.840
0 0
3.373 3.691
12.058 8.648

9.855
0 0
3.261 3.791
11.522 9.425

9.870
0 0
3.145 3.887
10.932 10.161

9.885
0 0
3.027 3.979
10.290 10.854

9.900
0 0
2.907 4.068
9.599 11.499

9.915
0 0
2.783 4.154
8.864 12.092

9.930
0 0
2.657 4.235
8.090 12.631

9.945
0 0
2.529 4.313
7.279 13.113

9.960
0 0
2.399 4.387
6.438 13.535

9.975
0 0
2.266 4.457
5.570 13.895

9.990
0 0
2.131 4.523
4.681 14.193

10.005
0 0
1.995 4.585
3.775 14.425

10.020
0 0
1.856 4.643
2.858 14.592

10.035
0 0
1.716 4.696
1.934 14.694

10.050
0 0
1.575 4.746
1.009 14.730

10.065
0 0
1.431 4.791
0.088 14.700

10.080
0 0
1.287 4.831
-0.825 14.606

10.095
0 0
1.142 4.868
-1.725 14.448

10.110
0 0
0.995 4.900
-2.607 14.229

10.125
0 0
0.848 4.928
-3.466 13.949

10.140
0 0
0.699 4.951
-4.299 13.612

10.155
0 0
0.551 4.970
-5.101 13.219

10.170
0 0
0.401 4.984
-5.869 12.774

10.185
0 0
0.252 4.994
-6.599 12.279

10.200
0 0
0.102 4.999
-7.287 11.737

10.215
0 0
-0.048 5.000
-7.931 11.153

10.230
0 0
-0.198 4.996
-8.527 10.530

10.245
0 0
-0.348 4.988
-9.074 9.872

10.260
0 0
-0.497 4.975
-9.569 9.182

10.275
0 0
-0.646 4.958
-10.011 8.466

10.290
0 0
-0.795 4.936
-10.398 7.726

10.305
0 0
-0.943 4.910
-10.729 6.968

10.320
0 0
-1.089 4.880
-11.002 6.196

10.335
0 0
-1.235 4.845
-11.219 5.414

10.350
0 0
-1.380 4.806
-11.378 4.627

10.365
0 0
-1.524 4.762
-11.481 3.838

10.380
0 0
-1.666 4.714
-11.527 3.053

10.395
0 0
-1.806 4.662
-11.517 2.274

10.410
0 0
-1.945 4.606
-11.453 1.507

10.425
0 0
-2.083 4.546
-11.336 0.755

10.440
0 0
-2.218 4.481
-11.169 0.021

10.455
0 0
-2.352 4.412
-10.952 -0.690

10.470
0 0
-2.483 4.340
-10.688 -1.376

10.485
0 0
-2.612 4.264
-10.381 -2.033

10.500
0 0
-2.739 4.183
-10.031 -2.659

10.515
0 0
-2.863 4.099
-9.643 -3.251

10.530
0 0
-2.985 4.012
-9.220 -3.806

10.545
0 0
-3.104 3.920
-8.764 -4.324

10.560
0 0
-3.220 3.825
-8.279 -4.800

10.575
0 0
-3.333 3.727
-7.768 -5.236

10.590
0 0
-3.443 3.625
-7.235 -5.628

10.605
0 0
-3.551 3.520
-6.683 -5.976

10.620
0 0
-3.655 3.412
-6.116 -6.280

10.635
0 0
-3.755 3.301
-5.536 -6.539

10.650
0 0
-3.853 3.187
-4.948 -6.753

10.665
0 0
-3.946 3.070
-4.355 -6.922

10.680
0 0
-4.037 2.950
-3.760 -7.046

10.695
0 0
-4.123 2.828
-3.166 -7.126

10.710
0 0
-4.206 2.703
-2.577 -7.163

10.725
0 0
-4.286 2.576
-1.995 -7.158

10.740
0 0
-4.361 2.446
-1.423 -7.113

10.755
0 0
-4.432 2.314
-0.863 -7.028

10.770
0 0
-4.500 2.180
-0.320 -6.904

10.785
0 0
-4.563 2.044
0.207 -6.745

10.800
0 0
-4.622 1.906
0.713 -6.552

10.815
0 0
-4.677 1.767
1.197 -6.326

10.830
0 0
-4.728 1.626
1.658 -6.069

10.845
0 0
-4.775 1.483
2.094 -5.785

10.860
0 0
-4.817 1.339
2.503 -5.474

10.875
0 0
-4.855 1.194
2.883 -5.139

10.890
0 0
-4.889 1.048
3.235 -4.783

10.905
0 0
-4.918 0.901
3.557 -4.407

10.920
0 0
-4.943 0.753
3.847 -4.015

10.935
0 0
-4.963 0.604
4.107 -3.607

10.950
0 0
-4.979 0.455
4.334 -3.187

10.965
0 0
-4.991 0.306
4.529 -2.757

10.980
0 0
-4.998 0.156
4.692 -2.318

10.995
0 0
-5.000 0.006
4.822 -1.873

11.010
0 0
-4.998 -0.144
4.920 -1.424

11.025
0 0
-4.991 -0.294
4.986 -0.974

11.040
0 0
-4.980 -0.444
5.019 -0.523

11.055
0 0
-4.965 -0.593
5.022 -0.074

11.070
0 0
-4.945 -0.742
4.993 0.370

11.085
0 0
-4.920 -0.889
4.934 0.809

11.100
0 0
-4.891 -1.037
4.846 1.241

11.115
0 0
-4.858 -1.183
4.728 1.664

11.130
0 0
-4.820 -1.328
4.582 2.076

11.145
0 0
-4.778 -1.472
4.409 2.476

11.160
0 0
-4.732 -1.615
4.210 2.863

11.175
0 0
-4.682 -1.756
3.984 3.234

11.190
0 0
-4.627 -1.896
3.735 3.589

11.205
0 0
-4.568 -2.034
3.462 3.927

11.220
0 0
-4.505 -2.170
3.166 4.245

11.235
0 0
-4.438 -2.304
2.850 4.544

11.250
0 0
-4.367 -2.436
2.513 4.822

11.265
0 0
-4.291 -2.566
2.157 5.077

11.280
0 0
-4.213 -2.693
1.784 5.309

11.295
0 0
-4.130 -2.818
1.394 5.517

11.310
0 0
-4.044 -2.941
0.990 5.700

11.325
0 0
-3.953 -3.061
0.571 5.857

11.340
0 0
-3.860 -3.178
0.140 5.987

11.355
0 0
-3.763 -3.293
-0.302 6.090

11.370
0 0
-3.662 -3.404
-0.754 6.164

11.385
0 0
-3.559 -3.512
-1.214 6.209

11.400
0 0
-3.452 -3.617
-1.680 6.224

11.415
0 0
-3.342 -3.719
-2.152 6.210

11.430
0 0
-3.229 -3.818
-2.627 6.164

11.445
0 0
-3.113 -3.913
-3.104 6.087

11.460
0 0
-2.994 -4.005
-3.580 5.978

11.475
0 0
-2.872 -4.093
-4.055 5.837

11.490
0 0
-2.748 -4.177
-4.526 5.664

11.505
0 0
-2.622 -4.258
-4.992 5.458

11.520
0 0
-2.493 -4.334
-5.450 5.218

11.535
0 0
-2.362 -4.407
-5.899 4.946

11.550
0 0
-2.228 -4.476
-6.336 4.642

11.565
0 0
-2.093 -4.541
-6.759 4.304

11.580
0 0
-1.956 -4.602
-7.166 3.934

11.595
0 0
-1.817 -4.658
-7.555 3.532

11.610
0 0
-1.677 -4.711
-7.924 3.098

11.625
0 0
-1.535 -4.759
-8.269 2.634

11.640
0 0
-1.391 -4.803
-8.589 2.139

11.655
0 0
-1.246 -4.842
-8.882 1.616

11.670
0 0
-1.101 -4.877
-9.144 1.064

11.685
0 0
-0.954 -4.908
-9.374 0.487

11.700
0 0
-0.806 -4.935
-9.568 -0.115

11.715
0 0
-0.658 -4.957
-9.725 -0.740

11.730
0 0
-0.509 -4.974
-9.843 -1.385

11.745
0 0
-0.359 -4.987
-9.918 -2.049

11.760
0 0
-0.210 -4.996
-9.949 -2.729

11.775
0 0
-0.060 -5.000
-9.934 -3.421

11.790
0 0
0.090 -4.999
-9.871 -4.124

11.805
0 0
0.240 -4.994
-9.759 -4.832

11.820
0 0
0.390 -4.985
-9.594 -5.544

11.835
0 0
0.539 -4.971
-9.378 -6.256

11.850
0 0
0.688 -4.952
-9.108 -6.962

11.865
0 0
0.836 -4.930
-8.784 -7.660

11.880
0 0
0.984 -4.902
-8.405 -8.344

11.895
0 0
1.130 -4.871
-7.972 -9.011

11.910
0 0
1.276 -4.834
-7.485 -9.655

11.925
0 0
1.420 -4.794
-6.946 -10.272

11.940
0 0
1.564 -4.749
-6.354 -10.858

11.955
0 0
1.705 -4.700
-5.712 -11.407

11.970
0 0
1.846 -4.647
-5.023 -11.915

11.985
0 0
1.984 -4.589
-4.288 -12.378

12.000
0 0
2.121 -4.528
-3.512 -12.791

12.015
0 0
2.256 -4.462
-2.697 -13.150

12.030
0 0
2.389 -4.393
-1.848 -13.451

12.045
0 0
2.519 -4.319
-0.969 -13.691

12.060
0 0
2.648 -4.241
-0.066 -13.866

12.075
0 0
2.774 -4.160
0.857 -13.975

12.090
0 0
2.897 -4.075
1.794 -14.014

12.105
0 0
3.018 -3.986
2.739 -13.982

12.120
0 0
3.136 -3.894
3.686 -13.879

12.135
0 0
3.252 -3.798
4.629 -13.703

12.150
0 0
3.364 -3.699
5.562 -13.454

12.165
0 0
3.474 -3.596
6.478 -13.134

12.180
0 0
3.580 -3.491
7.371 -12.744

12.195
0 0
3.683 -3.382
8.236 -12.285

12.210
0 0
3.783 -3.270
9.065 -11.760

12.225
0 0
3.879 -3.155
9.855 -11.173

12.240
0 0
3.972 -3.037
10.598 -10.527

12.255
0 0
4.061 -2.916
11.291 -9.825

12.270
0 0
4.147 -2.793
11.929 -9.073

12.285
0 0
4.229 -2.668
12.508 -8.276

12.300
0 0
4.307 -2.539
13.025 -7.438

12.315
0 0
4.381 -2.409
13.476 -6.566

12.330
0 0
4.452 -2.277
13.860 -5.665

12.345
0 0
4.518 -2.142
14.174 -4.742

12.360
0 0
4.580 -2.006
14.418 -3.801

12.375
0 0
4.638 -1.867
14.590 -2.850

12.390
0 0
4.692 -1.727
14.691 -1.893

12.405
0 0
4.742 -1.586
14.721 -0.938

12.420
0 0
4.787 -1.443
14.681 0.011

12.435
0 0
4.828 -1.299
14.573 0.947

12.450
0 0
4.865 -1.153
14.398 1.866

12.465
0 0
4.898 -1.007
14.160 2.763

12.480
0 0
4.926 -0.859
13.860 3.632

12.495
0 0
4.949 -0.711
13.502 4.470

12.510
0 0
4.968 -0.563
13.089 5.272

12.525
0 0
4.983 -0.413
12.625 6.036

12.540
0 0
4.993 -0.264
12.114 6.757

12.555
0 0
4.999 -0.114
11.559 7.434

12.570
0 0
5.000 0.036
10.964 8.063

12.585
0 0
4.997 0.186
10.335 8.642

12.600
0 0
4.989 0.336
9.674 9.170

12.615
0 0
4.976 0.486
8.987 9.646

12.630
0 0
4.960 0.635
8.278 10.068

12.645
0 0
4.938 0.783
7.550 10.436

12.660
0 0
4.913 0.931
6.808 10.750

12.675
0 0
4.882 1.078
6.055 11.009

12.690
0 0
4.848 1.224
5.297 11.214

12.705
0 0
4.809 1.369
4.536 11.365

12.720
0 0
4.766 1.512
3.777 11.463

12.735
0 0
4.718 1.655
3.023 11.510

12.750
0 0
4.667 1.795
2.277 11.506

12.765
0 0
4.611 1.934
1.542 11.452

12.780
0 0
4.551 2.072
0.823 11.351

12.795
0 0
4.486 2.207
0.120 11.204

12.810
0 0
4.418 2.341
-0.561 11.013

12.825
0 0
4.346 2.472
-1.221 10.780

12.840
0 0
4.270 2.602
-1.854 10.507

12.855
0 0
4.190 2.729
-2.461 10.197

12.870
0 0
4.106 2.853
-3.038 9.851

12.885
0 0
4.019 2.975
-3.583 9.472

12.900
0 0
3.928 3.094
-4.096 9.063

12.915
0 0
3.833 3.211
-4.574 8.626

12.930
0 0
3.735 3.324
-5.016 8.164

12.945
0 0
3.634 3.435
-5.421 7.679

12.960
0 0
3.529 3.542
-5.788 7.174

12.975
0 0
3.421 3.646
-6.117 6.652

12.990
0 0
3.310 3.747
-6.406 6.115

13.005
0 0
3.196 3.845
-6.654 5.566

13.020
0 0
3.080 3.939
-6.863 5.008

13.035
0 0
2.960 4.030
-7.031 4.443

13.050
0 0
2.838 4.117
-7.159 3.875

13.065
0 0
2.713 4.200
-7.247 3.305

13.080
0 0
2.586 4.279
-7.294 2.737

13.095
0 0
2.456 4.355
-7.303 2.173

13.110
0 0
2.325 4.427
-7.272 1.615

13.125
0 0
2.191 4.495
-7.203 1.066

13.140
0 0
2.055 4.558
-7.097 0.528

13.155
0 0
1.917 4.618
-6.955 0.005

13.170
0 0
1.778 4.673
-6.778 -0.503

13.185
0 0
1.637 4.724
-6.568 -0.993

13.200
0 0
1.494 4.771
-6.325 -1.462

13.215
0 0
1.351 4.814
-6.051 -1.910

13.230
0 0
1.206 4.852
-5.749 -2.333

13.245
0 0
1.060 4.886
-5.420 -2.730

13.260
0 0
0.913 4.916
-5.066 -3.100

13.275
0 0
0.765 4.941
-4.688 -3.441

13.290
0 0
0.616 4.962
-4.289 -3.752

13.305
0 0
0.467 4.978
-3.872 -4.032

13.320
0 0
0.317 4.990
-3.437 -4.278

13.335
0 0
0.168 4.997
-2.988 -4.492

13.350
0 0
0.018 5.000
-2.527 -4.671

13.365
0 0
-0.132 4.998
-2.057 -4.815

13.380
0 0
-0.282 4.992
-1.578 -4.924

13.395
0 0
-0.432 4.981
-1.095 -4.997

13.410
0 0
-0.581 4.966
-0.610 -5.034

13.425
0 0
-0.730 4.946
-0.124 -5.035

13.440
0 0
-0.878 4.922
0.359 -5.001

13.455
0 0
-1.025 4.894
0.838 -4.931

13.470
0 0
-1.171 4.861
1.309 -4.827

13.485
0 0
-1.317 4.824
1.772 -4.688

13.500
0 0
-1.461 4.782
2.222 -4.515

13.515
0 0
-1.603 4.736
2.659 -4.310

13.530
0 0
-1.745 4.686
3.080 -4.073

13.545
0 0
-1.885 4.631
3.483 -3.806

13.560
0 0
-2.023 4.573
3.866 -3.510

13.575
0 0
-2.159 4.510
4.227 -3.186

13.590
0 0
-2.293 4.443
4.564 -2.836

13.605
0 0
-2.425 4.372
4.876 -2.461

13.620
0 0
-2.555 4.298
5.161 -2.063

13.635
0 0
-2.683 4.219
5.418 -1.644

13.650
0 0
-2.809 4.137
5.645 -1.205

13.665
0 0
-2.931 4.051
5.841 -0.750

13.680
0 0
-3.052 3.961
6.005 -0.279

13.695
0 0
-3.169 3.867
6.136 0.206

13.710
0 0
-3.284 3.771
6.234 0.701

13.725
0 0
-3.395 3.670
6.296 1.205

13.740
0 0
-3.504 3.567
6.323 1.716

13.755
0 0
-3.609 3.460
6.315 2.232

13.770
0 0
-3.711 3.350
6.271 2.749

13.785
0 0
-3.810 3.238
6.190 3.267

13.800
0 0
-3.906 3.122
6.073 3.783

13.815
0 0
-3.998 3.003
5.919 4.293

13.830
0 0
-4.086 2.882
5.729 4.797

13.845
0 0
-4.170 2.758
5.503 5.292

13.860
0 0
-4.251 2.632
5.242 5.775

13.875
0 0
-4.328 2.503
4.946 6.244

13.890
0 0
-4.401 2.372
4.615 6.697

13.905
0 0
-4.471 2.239
4.251 7.132

13.920
0 0
-4.536 2.104
3.854 7.546

13.935
0 0
-4.597 1.967
3.425 7.938

13.950
0 0
-4.654 1.828
2.966 8.304

13.965
0 0
-4.707 1.688
2.478 8.644

13.980
0 0
-4.755 1.546
1.962 8.954

13.995
0 0
-4.799 1.403
1.420 9.233

14.010
0 0
-4.839 1.258
0.853 9.480

14.025
0 0
-4.875 1.112
0.264 9.691

14.040
0 0
-4.906 0.966
-0.346 9.865

14.055
0 0
-4.933 0.818
-0.975 10.001

14.070
0 0
-4.955 0.670
-1.620 10.097

14.085
0 0
-4.973 0.521
-2.279 10.151

14.100
0 0
-4.986 0.371
-2.949 10.162

14.115
0 0
-4.995 0.222
-3.628 10.128

14.130
0 0
-4.999 0.072
-4.314 10.048

14.145
0 0
-4.999 -0.078
-5.002 9.922

14.160
0 0
-4.995 -0.228
-5.690 9.748

14.175
0 0
-4.986 -0.378
-6.375 9.525

14.190
0 0
-4.972 -0.527
-7.053 9.254

14.205
0 0
-4.954 -0.676
-7.722 8.933

14.220
0 0
-4.932 -0.825
-8.377 8.563

14.235
0 0
-4.905 -0.972
-9.014 8.144

14.250
0 0
-4.873 -1.119
-9.631 7.677

14.265
0 0
-4.837 -1.264
-10.223 7.161

14.280
0 0
-4.797 -1.409
-10.786 6.599

14.295
0 0
-4.753 -1.552
-11.318 5.991

14.310
0 0
-4.704 -1.694
-11.812 5.340

14.325
0 0
-4.651 -1.834
-12.267 4.646

14.340
0 0
-4.594 -1.973
-12.678 3.913

14.355
0 0
-4.533 -2.110
-13.042 3.144

14.370
0 0
-4.468 -2.245
-13.354 2.341

14.385
0 0
-4.398 -2.378
-13.613 1.507

14.400
0 0
-4.325 -2.509
-13.814 0.647

14.415
0 0
-4.248 -2.638
-13.955 -0.234

14.430
0 0
-4.167 -2.764
-14.033 -1.134

14.445
0 0
-4.082 -2.888
-14.047 -2.047

14.460
0 0
-3.993 -3.009
-13.993 -2.967

14.475
0 0
-3.901 -3.127
-13.872 -3.890

14.490
0 0
-3.806 -3.243
-13.682 -4.810

14.505
0 0
-3.707 -3.355
-13.423 -5.721

14.520
0 0
-3.605 -3.465
-13.095 -6.618

14.535
0 0
-3.499 -3.572
-12.698 -7.494

14.550
0 0
-3.390 -3.675
-12.234 -8.343

14.565
0 0
-3.279 -3.775
-11.705 -9.160

14.580
0 0
-3.164 -3.872
-11.112 -9.940

14.595
0 0
-3.046 -3.965
-10.460 -10.676

14.610
0 0
-2.926 -4.054
-9.752 -11.363

14.625
0 0
-2.803 -4.140
-8.991 -11.996

14.640
0 0
-2.678 -4.223
-8.183 -12.571

14.655
0 0
-2.550 -4.301
-7.331 -13.084

14.670
0 0
-2.420 -4.376
-6.443 -13.530

14.685
0 0
-2.287 -4.446
-5.524 -13.908

14.700
0 0
-2.153 -4.513
-4.579 -14.214

14.715
0 0
-2.017 -4.575
-3.615 -14.447

14.730
0 0
-1.878 -4.634
-2.639 -14.605

14.745
0 0
-1.739 -4.688
-1.656 -14.688

14.760
0 0
-1.597 -4.738
-0.675 -14.695

14.775
0 0
-1.454 -4.784
0.300 -14.629

14.790
0 0
-1.310 -4.825
1.261 -14.489

14.805
0 0
-1.165 -4.862
2.203 -14.278

14.820
0 0
-1.018 -4.895
3.120 -13.999

14.835
0 0
-0.871 -4.924
4.005 -13.654

14.850
0 0
-0.723 -4.947
4.855 -13.247

14.865
0 0
-0.574 -4.967
5.665 -12.782

14.880
0 0
-0.425 -4.982
6.430 -12.263

14.895
0 0
-0.276 -4.992
7.146 -11.695

14.910
0 0
-0.126 -4.998
7.811 -11.082

14.925
0 0
0.024 -5.000
8.422 -10.430

14.940
0 0
0.174 -4.997
8.976 -9.744

14.955
0 0
0.324 -4.989
9.472 -9.028

14.970
0 0
0.474 -4.978
9.909 -8.289

14.985
0 0
0.623 -4.961
10.287 -7.531

15.000
0 0
0.771 -4.940
10.604 -6.759

15.015
0 0
0.919 -4.915
10.862 -5.978

15.030
0 0
1.066 -4.885
11.061 -5.193

15.045
0 0
1.212 -4.851
11.202 -4.409

15.060
0 0
1.357 -4.812
11.287 -3.629

15.075
0 0
1.501 -4.769
11.316 -2.858

15.090
0 0
1.643 -4.722
11.293 -2.100

15.105
0 0
1.784 -4.671
11.219 -1.357

15.120
0 0
1.923 -4.615
11.097 -0.634

15.135
0 0
2.061 -4.555
10.928 0.068

15.150
0 0
2.197 -4.492
10.716 0.744

15.165
0 0
2.330 -4.424
10.464 1.394

15.180
0 0
2.462 -4.352
10.174 2.014

15.195
0 0
2.592 -4.276
9.850 2.603

15.210
0 0
2.719 -4.196
9.493 3.160

15.225
0 0
2.843 -4.113
9.107 3.682

15.240
0 0
2.965 -4.026
8.695 4.170

15.255
0 0
3.085 -3.935
8.259 4.622

15.270
0 0
3.201 -3.841
7.802 5.038

15.285
0 0
3.315 -3.743
7.328 5.417

15.300
0 0
3.426 -3.642
6.838 5.758

15.315
0 0
3.534 -3.537
6.336 6.062

15.330
0 0
3.638 -3.430
5.823 6.329

15.345
0 0
3.739 -3.319
5.303 6.558

15.360
0 0
3.837 -3.205
4.776 6.750

15.375
0 0
3.932 -3.089
4.247 6.906

15.390
0 0
4.023 -2.970
3.717 7.026

15.405
0 0
4.110 -2.848
3.188 7.110

15.420
0 0
4.193 -2.723
2.661 7.159

15.435
0 0
4.273 -2.596
2.140 7.174

15.450
0 0
4.349 -2.467
1.626 7.155

15.465
0 0
4.421 -2.335
1.120 7.104

15.480
0 0
4.489 -2.201
0.624 7.021

15.495
0 0
4.553 -2.066
0.141 6.908

15.510
0 0
4.613 -1.928
-0.329 6.765

15.525
0 0
4.669 -1.789
-0.784 6.593

15.540
0 0
4.721 -1.648
-1.222 6.394

15.555
0 0
4.768 -1.506
-1.643 6.169

15.570
0 0
4.811 -1.362
-2.045 5.918

15.585
0 0
4.850 -1.217
-2.426 5.644

15.600
0 0
4.884 -1.071
-2.785 5.347

15.615
0 0
4.914 -0.924
-3.121 5.028

15.630
0 0
4.939 -0.776
-3.434 4.690

15.645
0 0
4.960 -0.628
-3.722 4.334

15.660
0 0
4.977 -0.479
-3.984 3.960

15.675
0 0
4.989 -0.329
-4.219 3.571

15.690
0 0
4.997 -0.180
-4.426 3.168

15.705
0 0
5.000 -0.030
-4.605 2.753

15.720
0 0
4.999 0.120
-4.755 2.327

15.735
0 0
4.993 0.270
-4.875 1.892

15.750
0 0
4.982 0.420
-4.964 1.450

15.765
0 0
4.968 0.569
-5.023 1.003

15.780
0 0
4.948 0.718
-5.050 0.552

15.795
0 0
4.924 0.866
-5.046 0.099

15.810
0 0
4.896 1.013
-5.010 -0.353

15.825
0 0
4.864 1.160
-4.942 -0.803

15.840
0 0
4.827 1.305
-4.842 -1.249

15.855
0 0
4.785 1.449
-4.710 -1.689

15.870
0 0
4.740 1.592
-4.546 -2.120

15.885
0 0
4.690 1.734
-4.351 -2.541

15.900
0 0
4.636 1.874
-4.124 -2.949

15.915
0 0
4.577 2.012
-3.868 -3.343

15.930
0 0
4.515 2.148
-3.582 -3.721

15.945
0 0
4.449 2.283
-3.267 -4.079

15.960
0 0
4.378 2.415
-2.924 -4.417

15.975
0 0
4.304 2.545
-2.555 -4.732

15.990
0 0
4.225 2.673
-2.160 -5.023

16.005
0 0
4.143 2.799
-1.741 -5.287

16.020
0 0
4.058 2.922
-1.300 -5.522

16.035
0 0
3.968 3.042
-0.839 -5.727

16.050
0 0
3.875 3.160
-0.358 -5.900

16.065
0 0
3.779 3.275
0.138 -6.039

16.080
0 0
3.679 3.386
0.650 -6.144

16.095
0 0
3.575 3.495
1.174 -6.212

16.110
0 0
3.469 3.601
1.707 -6.243

16.125
0 0
3.359 3.703
2.248 -6.235

16.140
0 0
3.247 3.802
2.794 -6.187

16.155
0 0
3.131 3.898
3.341 -6.100

16.170
0 0
3.013 3.990
3.887 -5.971

16.185
0 0
2.892 4.079
4.430 -5.802

16.200
0 0
2.768 4.164
4.966 -5.592

16.215
0 0
2.642 4.245
5.492 -5.340

16.230
0 0
2.514 4.322
6.006 -5.048

16.245
0 0
2.383 4.396
6.503 -4.716

16.260
0 0
2.250 4.465
6.982 -4.344

16.275
0 0
2.115 4.531
7.439 -3.934

16.290
0 0
1.978 4.592
7.871 -3.487

16.305
0 0
1.839 4.649
8.276 -3.004

16.320
0 0
1.699 4.702
8.650 -2.487

16.335
0 0
1.557 4.751
8.991 -1.938

16.350
0 0
1.414 4.796
9.296 -1.359

16.365
0 0
1.270 4.836
9.562 -0.752

16.380
0 0
1.124 4.872
9.789 -0.120

16.395
0 0
0.977 4.904
9.972 0.534

16.410
0 0
0.830 4.931
10.111 1.208

16.425
0 0
0.681 4.953
10.203 1.898

16.440
0 0
0.533 4.972
10.248 2.601

16.455
0 0
0.383 4.985
10.243 3.314

16.470
0 0
0.234 4.995
10.187 4.034

16.485
0 0
0.084 4.999
10.081 4.756

16.500
0 0
-0.066 5.000
9.922 5.477

16.515
0 0
-0.216 4.995
9.712 6.194

16.530
0 0
-0.366 4.987
9.449 6.902

16.545
0 0
-0.515 4.973
9.134 7.598

16.560
0 0
-0.664 4.956
8.768 8.277

16.575
0 0
-0.813 4.933
8.351 8.937

16.590
0 0
-0.960 4.907
7.885 9.572

16.605
0 0
-1.107 4.876
7.370 10.180

16.620
0 0
-1.253 4.840
6.809 10.757

16.635
0 0
-1.398 4.801
6.203 11.299

16.650
0 0
-1.541 4.757
5.555 11.802

16.665
0 0
-1.683 4.708
4.868 12.264

16.680
0 0
-1.823 4.656
4.143 12.681

16.695
0 0
-1.962 4.599
3.384 13.050

16.710
0 0
-2.099 4.538
2.595 13.368

16.725
0 0
-2.234 4.473
1.778 13.633

16.740
0 0
-2.368 4.404
0.938 13.842

16.755
0 0
-2.499 4.331
0.079 13.993

16.770
0 0
-2.627 4.254
-0.796 14.085

16.785
0 0
-2.754 4.173
-1.682 14.116

16.800
0 0
-2.878 4.089
-2.574 14.084

16.815
0 0
-2.999 4.001
-3.468 13.990

16.830
0 0
-3.118 3.909
-4.359 13.832

16.845
0 0
-3.234 3.814
-5.243 13.610

16.860
0 0
-3.347 3.715
-6.114 13.324

16.875
0 0
-3.456 3.613
-6.967 12.976

16.890
0 0
-3.563 3.508
-7.798 12.566

16.905
0 0
-3.667 3.399
-8.602 12.096

16.920
0 0
-3.767 3.288
-9.374 11.568

16.935
0 0
-3.864 3.173
-10.110 10.983

16.950
0 0
-3.958 3.056
-10.804 10.344

16.965
0 0
-4.047 2.936
-11.453 9.655

16.980
0 0
-4.134 2.813
-12.053 8.919

16.995
0 0
-4.216 2.688
-12.599 8.140

17.010
0 0
-4.295 2.560
-13.089 7.321

17.025
0 0
-4.370 2.430
-13.518 6.468

17.040
0 0
-4.441 2.298
-13.885 5.585

17.055
0 0
-4.508 2.164
-14.187 4.676

17.070
0 0
-4.570 2.027
-14.421 3.749

17.085
0 0
-4.629 1.889
-14.587 2.807

17.100
0 0
-4.684 1.750
-14.683 1.856

17.115
0 0
-4.734 1.608
-14.709 0.902

17.130
0 0
-4.780 1.466
-14.665 -0.048

17.145
0 0
-4.822 1.322
-14.551 -0.991

17.160
0 0
-4.860 1.176
-14.368 -1.919

17.175
0 0
-4.893 1.030
-14.119 -2.828

17.190
0 0
-4.921 0.883
-13.803 -3.712

17.205
0 0
-4.946 0.735
-13.426 -4.565

17.220
0 0
-4.966 0.586
-12.988 -5.383

17.235
0 0
-4.981 0.437
-12.494 -6.162

17.250
0 0
-4.992 0.287
-11.948 -6.897

17.265
0 0
-4.998 0.138
-11.353 -7.584

17.280
0 0
-5.000 -0.012
-10.714 -8.219

17.295
0 0
-4.997 -0.162
-10.035 -8.801

17.310
0 0
-4.990 -0.312
-9.322 -9.325

17.325
0 0
-4.979 -0.462
-8.580 -9.791

17.340
0 0
-4.963 -0.611
-7.814 -10.196

17.355
0 0
-4.942 -0.759
-7.028 -10.539

17.370
0 0
-4.917 -0.907
-6.229 -10.821

17.385
0 0
-4.888 -1.054
-5.421 -11.040

17.400
0 0
-4.854 -1.201
-4.609 -11.198

17.415
0 0
-4.816 -1.346
-3.800 -11.294

17.430
0 0
-4.773 -1.489
-2.996 -11.330

17.445
0 0
-4.726 -1.632
-2.204 -11.309

17.460
0 0
-4.675 -1.773
-1.426 -11.230

17.475
0 0
-4.620 -1.912
-0.668 -11.098

17.490
0 0
-4.560 -2.050
0.067 -10.915

17.505
0 0
-4.497 -2.186
0.776 -10.683

17.520
0 0
-4.429 -2.320
1.455 -10.406

17.535
0 0
-4.358 -2.452
2.101 -10.086

17.550
0 0
-4.282 -2.581
2.713 -9.727

17.565
0 0
-4.203 -2.709
3.288 -9.333

17.580
0 0
-4.120 -2.833
3.825 -8.907

17.595
0 0
-4.033 -2.956
4.321 -8.452

17.610
0 0
-3.942 -3.075
4.776 -7.973

17.625
0 0
-3.848 -3.192
5.190 -7.472

17.640
0 0
-3.751 -3.306
5.560 -6.953

17.655
0 0
-3.650 -3.417
5.889 -6.420

17.670
0 0
-3.546 -3.525
6.174 -5.876

17.685
0 0
-3.438 -3.630
6.417 -5.323

17.700
0 0
-3.328 -3.731
6.618 -4.766

17.715
0 0
-3.215 -3.830
6.778 -4.206

17.730
0 0
-3.098 -3.924
6.898 -3.647

17.745
0 0
-2.979 -4.016
6.978 -3.092

17.760
0 0
-2.857 -4.103
7.020 -2.542

17.775
0 0
-2.733 -4.187
7.025 -2.000

17.790
0 0
-2.606 -4.267
6.994 -1.469

17.805
0 0
-2.477 -4.343
6.929 -0.949

17.820
0 0
-2.346 -4.416
6.832 -0.444

17.835
0 0
-2.212 -4.484
6.703 0.045

17.850
0 0
-2.077 -4.548
6.545 0.518

17.865
0 0
-1.939 -4.609
6.359 0.972

17.880
0 0
-1.800 -4.665
6.147 1.406

17.895
0 0
-1.659 -4.717
5.910 1.818

17.910
0 0
-1.517 -4.764
5.650 2.209

17.925
0 0
-1.374 -4.808
5.369 2.577

17.940
0 0
-1.229 -4.847
5.068 2.922

17.955
0 0
-1.083 -4.881
4.750 3.241

17.970
0 0
-0.936 -4.912
4.415 3.536

17.985
0 0
-0.788 -4.937
4.065 3.806

18.000
0 0
-0.640 -4.959
3.703 4.049

18.015
0 0
-0.491 -4.976
3.328 4.266

18.030
0 0
-0.341 -4.988
2.944 4.457

18.045
0 0
-0.192 -4.996
2.551 4.620

18.060
0 0
-0.042 -5.000
2.151 4.757

18.075
0 0
0.108 -4.999
1.745 4.866

18.090
0 0
0.258 -4.993
1.336 4.948

18.105
0 0
0.408 -4.983
0.923 5.003

18.120
0 0
0.557 -4.969
0.510 5.031

18.135
0 0
0.706 -4.950
0.096 5.031

18.150
0 0
0.854 -4.926
-0.316 5.005

18.165
0 0
1.002 -4.899
-0.725 4.951

18.180
0 0
1.148 -4.866
-1.129 4.871

18.195
0 0
1.294 -4.830
-1.528 4.764

18.210
0 0
1.438 -4.789
-1.920 4.631

18.225
0 0
1.581 -4.744
-2.303 4.471

18.240
0 0
1.722 -4.694
-2.677 4.286

18.255
0 0
1.862 -4.640
-3.039 4.076

18.270
0 0
2.001 -4.582
-3.388 3.841

18.285
0 0
2.137 -4.520
-3.724 3.582

18.300
0 0
2.272 -4.454
-4.043 3.300

18.315
0 0
2.405 -4.384
-4.346 2.994

18.330
0 0
2.535 -4.310
-4.630 2.666

18.345
0 0
2.663 -4.232
-4.895 2.316

18.360
0 0
2.789 -4.150
-5.138 1.946

18.375
0 0
2.912 -4.064
-5.359 1.556

18.390
0 0
3.033 -3.975
-5.555 1.148

18.405
0 0
3.151 -3.883
-5.726 0.723

18.420
0 0
3.266 -3.786
-5.870 0.281

18.435
0 0
3.378 -3.687
-5.986 -0.176

18.450
0 0
3.487 -3.584
-6.072 -0.646

18.465
0 0
3.593 -3.477
-6.127 -1.127

18.480
0 0
3.695 -3.368
-6.150 -1.619

18.495
0 0
3.795 -3.256
-6.140 -2.118

18.510
0 0
3.891 -3.141
-6.096 -2.624

18.525
0 0
3.983 -3.022
-6.016 -3.134

18.540
0 0
4.072 -2.902
-5.900 -3.645

18.555
0 0
4.157 -2.778
-5.747 -4.156

18.570
0 0
4.239 -2.652
-5.557 -4.664

18.585
0 0
4.316 -2.524
-5.328 -5.166

18.600
0 0
4.390 -2.393
-5.061 -5.660

18.615
0 0
4.460 -2.260
-4.756 -6.143

18.630
0 0
4.526 -2.126
-4.412 -6.612

18.645
0 0
4.587 -1.989
-4.030 -7.063

18.660
0 0
4.645 -1.850
-3.610 -7.495

18.675
0 0
4.698 -1.710
-3.153 -7.904

18.690
0 0
4.748 -1.569
-2.660 -8.286

18.705
0 0
4.792 -1.426
-2.133 -8.640

18.720
0 0
4.833 -1.281
-1.572 -8.960

18.735
0 0
4.869 -1.136
-0.980 -9.246

18.750
0 0
4.901 -0.989
-0.359 -9.493

18.765
0 0
4.929 -0.842
0.288 -9.700

18.780
0 0
4.952 -0.693
0.960 -9.862

18.795
0 0
4.970 -0.544
1.653 -9.978

18.810
0 0
4.984 -0.395
2.364 -10.046

18.825
0 0
4.994 -0.245
3.089 -10.062

18.840
0 0
4.999 -0.096
3.825 -10.026

18.855
0 0
5.000 0.054
4.568 -9.936

18.870
0 0
4.996 0.204
5.313 -9.791

18.885
0 0
4.987 0.354
6.056 -9.589

18.900
0 0
4.975 0.504
6.793 -9.330

18.915
0 0
4.957 0.653
7.519 -9.014

18.930
0 0
4.935 0.801
8.229 -8.641

18.945
0 0
4.909 0.949
8.919 -8.212

18.960
0 0
4.879 1.095
9.584 -7.728

18.975
0 0
4.843 1.241
10.219 -7.191

18.990
0 0
4.804 1.386
10.820 -6.602

19.005
0 0
4.760 1.530
11.382 -5.964

19.020
0 0
4.712 1.672
11.901 -5.280

19.035
0 0
4.660 1.812
12.373 -4.552

19.050
0 0
4.604 1.951
12.795 -3.785

19.065
0 0
4.543 2.088
13.162 -2.982

19.080
0 0
4.478 2.224
13.473 -2.147

19.095
0 0
4.410 2.357
13.723 -1.285

19.110
0 0
4.337 2.488
13.910 -0.402

19.125
0 0
4.260 2.617
14.034 0.500

19.140
0 0
4.180 2.744
14.091 1.413

19.155
0 0
4.096 2.868
14.081 2.333

19.170
0 0
4.008 2.990
14.004 3.254

19.185
0 0
3.916 3.108
13.860 4.172

19.200
0 0
3.821 3.224
13.648 5.080

19.215
0 0
3.723 3.338
13.369 5.973

19.230
0 0
3.621 3.448
13.026 6.846

19.245
0 0
3.516 3.555
12.619 7.694

19.260
0 0
3.408 3.659
12.151 8.513

19.275
0 0
3.297 3.759
11.624 9.296

19.290
0 0
3.182 3.857
11.041 10.040

19.305
0 0
3.065 3.950
10.406 10.741

19.320
0 0
2.945 4.040
9.722 11.394

19.335
0 0
2.823 4.127
8.993 11.997

19.350
0 0
2.698 4.210
8.223 12.545

19.365
0 0
2.570 4.289
7.417 13.036

19.380
0 0
2.440 4.364
6.579 13.467

19.395
0 0
2.308 4.435
5.714 13.837

19.410
0 0
2.174 4.502
4.827 14.144

19.425
0 0
2.038 4.566
3.923 14.387

19.440
0 0
1.901 4.625
3.006 14.563

19.455
0 0
1.761 4.680
2.083 14.674

19.470
0 0
1.620 4.730
1.157 14.720

19.485
0 0
1.477 4.777
0.235 14.699

19.500
0 0
1.333 4.819
-0.680 14.614

19.515
0 0
1.188 4.857
-1.582 14.465

19.530
0 0
1.042 4.890
-2.467 14.254

19.545
0 0
0.895 4.919
-3.331 13.983

19.560
0 0
0.747 4.944
-4.168 13.653

19.575
0 0
0.598 4.964
-4.974 13.268

19.590
0 0
0.449 4.980
-5.747 12.829

19.605
0 0
0.299 4.991
-6.482 12.340

19.620
0 0
0.150 4.998
-7.176 11.805

19.635
0 0
-0.000 5.000
-7.826 11.226

19.650
0 0
-0.150 4.998
-8.428 10.608

19.665
0 0
-0.300 4.991
-8.982 9.954

19.680
0 0
-0.450 4.980
-9.483 9.269

19.695
0 0
-0.599 4.964
-9.932 8.555

19.710
0 0
-0.748 4.944
-10.325 7.819

19.725
0 0
-0.896 4.919
-10.663 7.063

19.740
0 0
-1.043 4.890
-10.944 6.293

19.755
0 0
-1.189 4.857
-11.167 5.512

19.770
0 0
-1.334 4.819
-11.334 4.726

19.785
0 0
-1.478 4.777
-11.443 3.938

19.800
0 0
-1.621 4.730
-11.495 3.152

19.815
0 0
-1.762 4.679
-11.492 2.373

19.830
0 0
-1.901 4.624
-11.435 1.605

19.845
0 0
-2.039 4.565
-11.324 0.851

19.860
0 0
-2.175 4.502
-11.162 0.115

19.875
0 0
-2.309 4.435
-10.950 -0.598

19.890
0 0
-2.441 4.363
-10.692 -1.287

19.905
0 0
-2.571 4.288
-10.389 -1.947

19.920
0 0
-2.699 4.209
-10.045 -2.576

19.935
0 0
-2.824 4.126
-9.661 -3.171

19.950
0 0
-2.946 4.040
-9.241 -3.730

19.965
0 0
-3.066 3.950
-8.789 -4.251

19.980
0 0
-3.183 3.856
-8.307 -4.732

19.995
0 0
-3.297 3.759
-7.799 -5.171

20.010
0 0
-3.409 3.658
-7.268 -5.567

20.025
0 0
-3.517 3.554
-6.718 -5.919

20.040
0 0
-3.622 3.447
-6.152 -6.227

20.055
0 0
-3.724 3.337
-5.574 -6.490

20.070
0 0
-3.822 3.224
-4.987 -6.708

20.085
0 0
-3.917 3.108
-4.394 -6.881

20.100
0 0
-4.008 2.989
-3.799 -7.009

20.115
0 0
-4.096 2.867
-3.205 -7.093

20.130
0 0
-4.180 2.743
-2.615 -7.134

20.145
0 0
-4.261 2.616
-2.033 -7.132

20.160
0 0
-4.337 2.487
-1.460 -7.090

20.175
0 0
-4.410 2.356
-0.899 -7.007

20.190
0 0
-4.479 2.223
-0.354 -6.887

20.205
0 0
-4.543 2.088
0.174 -6.730

20.220
0 0
-4.604 1.950
0.682 -6.539

20.235
0 0
-4.660 1.811
1.168 -6.315

20.250
0 0
-4.713 1.671
1.631 -6.060

20.265
0 0
-4.761 1.529
2.068 -5.777

20.280
0 0
-4.804 1.385
2.479 -5.467

20.295
0 0
-4.844 1.240
2.862 -5.133

20.310
0 0
-4.879 1.095
3.216 -4.778

20.325
0 0
-4.909 0.948
3.539 -4.402

20.340
0 0
-4.936 0.800
3.832 -4.010

20.355
0 0
-4.957 0.652
4.093 -3.602

20.370
0 0
-4.975 0.503
4.322 -3.182

20.385
0 0
-4.988 0.353
4.519 -2.751

20.400
0 0
-4.996 0.203
4.683 -2.311

20.415
0 0
-5.000 0.054
4.814 -1.865

20.430
0 0
-4.999 -0.096
4.914 -1.416

20.445
0 0
-4.994 -0.246
4.980 -0.964

20.460
0 0
-4.984 -0.396
5.015 -0.512

20.475
0 0
-4.970 -0.545
5.018 -0.061

20.490
0 0
-4.952 -0.694
4.990 0.385

20.505
0 0
-4.929 -0.842
4.931 0.826

20.520
0 0
-4.901 -0.990
4.843 1.259

20.535
0 0
-4.869 -1.136
4.725 1.684

20.550
0 0
-4.833 -1.282
4.579 2.098

20.565
0 0
-4.792 -1.426
4.405 2.500

20.580
0 0
-4.747 -1.569
4.204 2.888

20.595
0 0
-4.698 -1.711
3.978 3.261

20.610
0 0
-4.645 -1.851
3.727 3.618

20.625
0 0
-4.587 -1.990
3.453 3.957

20.640
0 0
-4.525 -2.127
3.155 4.277

20.655
0 0
-4.459 -2.261
2.837 4.577

20.670
0 0
-4.390 -2.394
2.498 4.856

20.685
0 0
-4.316 -2.525
2.140 5.112

20.700
0 0
-4.238 -2.653
1.764 5.346

20.715
0 0
-4.157 -2.779
1.371 5.554

20.730
0 0
-4.071 -2.902
0.964 5.738

20.745
0 0
-3.983 -3.023
0.542 5.895

20.760
0 0
-3.890 -3.141
0.108 6.025

20.775
0 0
-3.794 -3.256
-0.338 6.127

20.790
0 0
-3.695 -3.369
-0.793 6.201

20.805
0 0
-3.592 -3.478
-1.256 6.245

20.820
0 0
-3.486 -3.584
-1.726 6.260

20.835
0 0
-3.377 -3.687
-2.201 6.243

20.850
0 0
-3.265 -3.787
-2.680 6.196

20.865
0 0
-3.150 -3.883
-3.160 6.117

20.880
0 0
-3.032 -3.976
-3.640 6.006

20.895
0 0
-2.911 -4.065
-4.118 5.862

20.910
0 0
-2.788 -4.151
-4.592 5.685

20.925
0 0
-2.662 -4.232
-5.061 5.476

20.940
0 0
-2.534 -4.310
-5.522 5.233

20.955
0 0
-2.404 -4.384
-5.974 4.957

20.970
0 0
-2.271 -4.454
-6.413 4.647

20.985
0 0
-2.136 -4.521
-6.838 4.305

21.000
0 0
-2.000 -4.583
-7.248 3.930

21.015
0 0
-1.862 -4.641
-7.638 3.522

21.030
0 0
-1.722 -4.694
-8.007 3.083

21.045
0 0
-1.580 -4.744
-8.354 2.613

21.060
0 0
-1.437 -4.789
-8.674 2.112

21.075
0 0
-1.293 -4.830
-8.966 1.582

21.090
0 0
-1.147 -4.867
-9.227 1.025

21.105
0 0
-1.001 -4.899
-9.456 0.441

21.120
0 0
-0.853 -4.927
-9.648 -0.168

21.135
0 0
-0.705 -4.950
-9.803 -0.799

21.150
0 0
-0.556 -4.969
-9.917 -1.451

21.165
0 0
-0.407 -4.983
-9.989 -2.121

21.180
0 0
-0.257 -4.993
-10.015 -2.807

21.195
0 0
-0.107 -4.999
-9.995 -3.505

21.210
0 0
0.042 -5.000
-9.926 -4.213

21.225
0 0
0.192 -4.996
-9.807 -4.927

21.240
0 0
0.342 -4.988
-9.636 -5.644

21.255
0 0
0.492 -4.976
-9.412 -6.359

21.270
0 0
0.641 -4.959
-9.134 -7.069

21.285
0 0
0.789 -4.937
-8.801 -7.769

21.300
0 0
0.937 -4.911
-8.414 -8.456

21.315
0 0
1.084 -4.881
-7.972 -9.124

21.330
0 0
1.230 -4.846
-7.475 -9.768

21.345
0 0
1.375 -4.807
-6.925 -10.385

21.360
0 0
1.518 -4.764
-6.324 -10.969

21.375
0 0
1.660 -4.716
-5.672 -11.516

21.390
0 0
1.801 -4.664
-4.973 -12.021

21.405
0 0
1.940 -4.608
-4.229 -12.479

21.420
0 0
2.078 -4.548
-3.443 -12.886

21.435
0 0
2.213 -4.484
-2.619 -13.239

21.450
0 0
2.347 -4.415
-1.762 -13.532

21.465
0 0
2.478 -4.343
-0.876 -13.764

21.480
0 0
2.607 -4.267
0.035 -13.930

21.495
0 0
2.734 -4.186
0.964 -14.028

21.510
0 0
2.858 -4.103
1.905 -14.057

21.525
0 0
2.980 -4.015
2.854 -14.014

21.540
0 0
3.099 -3.924
3.804 -13.899

21.555
0 0
3.215 -3.829
4.749 -13.711

21.570
0 0
3.329 -3.731
5.682 -13.450

21.585
0 0
3.439 -3.629
6.597 -13.118

21.600
0 0
3.546 -3.525
7.489 -12.715

21.615
0 0
3.651 -3.417
8.350 -12.244

21.630
0 0
3.751 -3.306
9.175 -11.707

21.645
0 0
3.849 -3.192
9.958 -11.109

21.660
0 0
3.943 -3.075
10.694 -10.451

21.675
0 0
4.033 -2.955
11.379 -9.740

21.690
0 0
4.120 -2.833
12.008 -8.979

21.705
0 0
4.203 -2.708
12.578 -8.173

21.720
0 0
4.283 -2.581
13.084 -7.329

21.735
0 0
4.358 -2.451
13.523 -6.451

21.750
0 0
4.430 -2.319
13.895 -5.545

21.765
0 0
4.497 -2.185
14.197 -4.617

21.780
0 0
4.561 -2.049
14.428 -3.674

21.795
0 0
4.620 -1.912
14.587 -2.722

21.810
0 0
4.675 -1.772
14.675 -1.766

21.825
0 0
4.726 -1.631
14.693 -0.812

21.840
0 0
4.773 -1.489
14.641 0.135

21.855
0 0
4.816 -1.345
14.521 1.067

21.870
0 0
4.854 -1.200
14.334 1.982

21.885
0 0
4.888 -1.054
14.085 2.872

21.900
0 0
4.917 -0.906
13.775 3.735

21.915
0 0
4.942 -0.759
13.407 4.565

21.930
0 0
4.963 -0.610
12.985 5.360

21.945
0 0
4.979 -0.461
12.513 6.114

21.960
0 0
4.990 -0.311
11.995 6.826

21.975
0 0
4.997 -0.161
11.433 7.492

21.990
0 0
5.000 -0.011
10.834 8.111

22.005
0 0
4.998 0.138
10.200 8.679

22.020
0 0
4.992 0.288
9.536 9.196

22.035
0 0
4.981 0.438
8.846 9.661

22.050
0 0
4.965 0.587
8.135 10.072

22.065
0 0
4.946 0.736
7.406 10.428

22.080
0 0
4.921 0.884
6.665 10.731

22.095
0 0
4.893 1.031
5.914 10.979

22.110
0 0
4.859 1.177
5.157 11.173

22.125
0 0
4.822 1.323
4.399 11.314

22.140
0 0
4.780 1.467
3.643 11.402

22.155
0 0
4.734 1.609
2.893 11.439

22.170
0 0
4.684 1.751
2.152 11.425

22.185
0 0
4.629 1.890
1.423 11.363

22.200
0 0
4.570 2.028
0.710 11.253

22.215
0 0
4.507 2.164
0.014 11.098

22.230
0 0
4.440 2.299
-0.661 10.900

22.245
0 0
4.369 2.431
-1.313 10.660

22.260
0 0
4.294 2.561
-1.939 10.381

22.275
0 0
4.216 2.688
-2.537 10.064

22.290
0 0
4.133 2.814
-3.105 9.713

22.305
0 0
4.047 2.936
-3.642 9.330

22.320
0 0
3.957 3.057
-4.146 8.917

22.335
0 0
3.864 3.174
-4.615 8.477

22.350
0 0
3.767 3.288
-5.048 8.012

22.365
0 0
3.666 3.400
-5.443 7.525

22.380
0 0
3.563 3.508
-5.801 7.018

22.395
0 0
3.456 3.614
-6.120 6.495

22.410
0 0
3.346 3.716
-6.400 5.957

22.425
0 0
3.233 3.814
-6.639 5.409

22.440
0 0
3.117 3.909
-6.839 4.851

22.455
0 0
2.998 4.001
-6.998 4.288

22.470
0 0
2.877 4.089
-7.116 3.721

22.485
0 0
2.753 4.174
-7.195 3.153

22.500
0 0
2.627 4.255
-7.234 2.588

22.515
0 0
2.498 4.331
-7.233 2.027

22.530
0 0
2.367 4.404
-7.194 1.472

22.545
0 0
2.234 4.473
-7.117 0.928

22.560
0 0
2.098 4.538
-7.003 0.395

22.575
0 0
1.961 4.599
-6.853 -0.124

22.590
0 0
1.822 4.656
-6.668 -0.627

22.605
0 0
1.682 4.709
-6.450 -1.111

22.620
0 0
1.540 4.757
-6.201 -1.574

22.635
0 0
1.397 4.801
-5.921 -2.015

22.650
0 0
1.252 4.841
-5.612 -2.431

22.665
0 0
1.106 4.876
-5.277 -2.821

22.680
0 0
0.959 4.907
-4.917 -3.184

22.695
0 0
0.812 4.934
-4.534 -3.517

22.710
0 0
0.664 4.956
-4.131 -3.820

22.725
0 0
0.515 4.973
-3.709 -4.091

22.740
0 0
0.365 4.987
-3.270 -4.329

22.755
0 0
0.215 4.995
-2.818 -4.533

22.770
0 0
0.065 5.000
-2.354 -4.703

22.785
0 0
-0.085 4.999
-1.881 -4.838

22.800
0 0
-0.234 4.995
-1.400 -4.937

22.815
0 0
-0.384 4.985
-0.916 -5.001

22.830
0 0
-0.534 4.971
-0.429 -5.028

22.845
0 0
-0.682 4.953
0.057 -5.019

22.860
0 0
-0.831 4.931
0.541 -4.975

22.875
0 0
-0.978 4.903
1.019 -4.895

22.890
0 0
-1.125 4.872
1.490 -4.780

22.905
0 0
-1.270 4.836
1.951 -4.631

22.920
0 0
-1.415 4.796
2.399 -4.448

22.935
0 0
-1.558 4.751
2.833 -4.233

22.950
0 0
-1.700 4.702
3.251 -3.986

22.965
0 0
-1.840 4.649
3.650 -3.709

22.980
0 0
-1.979 4.592
4.029 -3.403

22.995
0 0
-2.116 4.530
4.385 -3.069

23.010
0 0
-2.251 4.465
4.716 -2.709

23.025
0 0
-2.384 4.395
5.022 -2.324

23.040
0 0
-2.514 4.322
5.301 -1.917

23.055
0 0
-2.643 4.244
5.550 -1.489

23.070
0 0
-2.769 4.163
5.770 -1.042

23.085
0 0
-2.893 4.078
5.957 -0.578

23.100
0 0
-3.014 3.990
6.112 -0.099

23.115
0 0
-3.132 3.898
6.234 0.393

23.130
0 0
-3.247 3.802
6.321 0.895

23.145
0 0
-3.360 3.703
6.373 1.406

23.160
0 0
-3.470 3.600
6.389 1.924

23.175
0 0
-3.576 3.495
6.369 2.445

23.190
0 0
-3.679 3.386
6.312 2.967

23.205
0 0
-3.779 3.274
6.219 3.489

23.220
0 0
-3.876 3.159
6.088 4.008

23.235
0 0
-3.969 3.041
5.921 4.522

23.250
0 0
-4.058 2.921
5.717 5.028

23.265
0 0
-4.144 2.798
5.477 5.524

23.280
0 0
-4.226 2.672
5.202 6.007

23.295
0 0
-4.304 2.544
4.890 6.476

23.310
0 0
-4.379 2.414
4.545 6.928

23.325
0 0
-4.449 2.282
4.165 7.361

23.340
0 0
-4.515 2.147
3.753 7.772

23.355
0 0
-4.578 2.011
3.309 8.159

23.370
0 0
-4.636 1.873
2.835 8.520

23.385
0 0
-4.690 1.733
2.331 8.853

23.400
0 0
-4.740 1.591
1.800 9.156

23.415
0 0
-4.786 1.448
1.243 9.427

23.430
0 0
-4.827 1.304
0.662 9.663

23.445
0 0
-4.864 1.159
0.059 9.863

23.460
0 0
-4.896 1.012
-0.565 10.026

23.475
0 0
-4.925 0.865
-1.206 10.148

23.490
0 0
-4.948 0.717
-1.864 10.229

23.505
0 0
-4.968 0.568
-2.534 10.268

23.520
0 0
-4.982 0.419
-3.215 10.262

23.535
0 0
-4.993 0.269
-3.904 10.210

23.550
0 0
-4.999 0.119
-4.598 10.111

23.565
0 0
-5.000 -0.031
-5.293 9.965

23.580
0 0
-4.997 -0.181
-5.987 9.770

23.595
0 0
-4.989 -0.330
-6.677 9.526

23.610
0 0
-4.977 -0.480
-7.358 9.233

23.625
0 0
-4.960 -0.629
-8.028 8.889

23.640
0 0
-4.939 -0.777
-8.682 8.496

23.655
0 0
-4.914 -0.925
-9.317 8.053

23.670
0 0
-4.884 -1.072
-9.929 7.562

23.685
0 0
-4.849 -1.218
-10.515 7.022

23.700
0 0
-4.811 -1.363
-11.070 6.436

23.715
0 0
-4.768 -1.507
-11.590 5.804

23.730
0 0
-4.720 -1.649
-12.072 5.130

23.745
0 0
-4.669 -1.790
-12.512 4.414

23.760
0 0
-4.613 -1.929
-12.906 3.659

23.775
0 0
-4.553 -2.067
-13.250 2.869

23.790
0 0
-4.489 -2.202
-13.541 2.047

23.805
0 0
-4.421 -2.336
-13.776 1.196

23.820
0 0
-4.349 -2.468
-13.952 0.321

23.835
0 0
-4.273 -2.597
-14.066 -0.575

23.850
0 0
-4.193 -2.724
-14.116 -1.486

23.865
0 0
-4.109 -2.848
-14.100 -2.407

23.880
0 0
-4.022 -2.970
-14.015 -3.334

23.895
0 0
-3.931 -3.090
-13.862 -4.261

23.910
0 0
-3.837 -3.206
-13.640 -5.181

23.925
0 0
-3.739 -3.320
-13.348 -6.090

23.940
0 0
-3.638 -3.430
-12.986 -6.981

23.955
0 0
-3.533 -3.538
-12.557 -7.848

23.970
0 0
-3.425 -3.642
-12.061 -8.686

23.985
0 0
-3.315 -3.744
-11.500 -9.488

24.000
0 0
-3.201 -3.841
-10.878 -10.249

24.015
0 0
-3.084 -3.936
-10.197 -10.964

24.030
0 0
-2.965 -4.026
-9.463 -11.627

24.045
0 0
-2.843 -4.113
-8.678 -12.234

24.060
0 0
-2.718 -4.197
-7.848 -12.781

24.075
0 0
-2.591 -4.276
-6.978 -13.263

24.090
0 0
-2.461 -4.352
-6.073 -13.677

24.105
0 0
-2.330 -4.424
-5.141 -14.021

24.120
0 0
-2.196 -4.492
-4.187 -14.292

24.135
0 0
-2.060 -4.556
-3.217 -14.489

24.150
0 0
-1.923 -4.616
-2.238 -14.611

24.165
0 0
-1.783 -4.671
-1.256 -14.657

24.180
0 0
-1.642 -4.723
-0.279 -14.629

24.195
0 0
-1.500 -4.770
0.688 -14.527

24.210
0 0
-1.356 -4.813
1.639 -14.354

24.225
0 0
-1.211 -4.851
2.566 -14.110

24.240
0 0
-1.065 -4.885
3.466 -13.800

24.255
0 0
-0.918 -4.915
4.333 -13.426

24.270
0 0
-0.770 -4.940
5.161 -12.992

24.285
0 0
-0.622 -4.961
5.946 -12.502

24.300
0 0
-0.473 -4.978
6.685 -11.961

24.315
0 0
-0.323 -4.990
7.374 -11.373

24.330
0 0
-0.173 -4.997
8.010 -10.744

24.345
0 0
-0.023 -5.000
8.591 -10.078

24.360
0 0
0.127 -4.998
9.115 -9.381

24.375
0 0
0.276 -4.992
9.581 -8.657

24.390
0 0
0.426 -4.982
9.987 -7.912

24.405
0 0
0.575 -4.967
10.334 -7.152

24.420
0 0
0.724 -4.947
10.621 -6.379

24.435
0 0
0.872 -4.923
10.849 -5.601

24.450
0 0
1.019 -4.895
11.019 -4.821

24.465
0 0
1.166 -4.862
11.132 -4.043

24.480
0 0
1.311 -4.825
11.190 -3.273

24.495
0 0
1.455 -4.784
11.194 -2.512

24.510
0 0
1.598 -4.738
11.146 -1.766

24.525
0 0
1.739 -4.688
11.050 -1.038

24.540
0 0
1.879 -4.633
10.906 -0.330

24.555
0 0
2.017 -4.575
10.718 0.355

24.570
0 0
2.154 -4.512
10.488 1.013

24.585
0 0
2.288 -4.446
10.220 1.644

24.600
0 0
2.420 -4.375
9.915 2.245

24.615
0 0
2.551 -4.301
9.577 2.814

24.630
0 0
2.678 -4.222
9.209 3.351

24.645
0 0
2.804 -4.140
8.814 3.853

24.660
0 0
2.927 -4.054
8.393 4.320

24.675
0 0
3.047 -3.964
7.951 4.751

24.690
0 0
3.165 -3.871
7.489 5.146

24.705
0 0
3.279 -3.774
7.010 5.503

24.720
0 0
3.391 -3.674
6.518 5.824

24.735
0 0
3.500 -3.571
6.014 6.108

24.750
0 0
3.605 -3.464
5.501 6.354

24.765
0 0
3.708 -3.355
4.982 6.564

24.780
0 0
3.806 -3.242
4.458 6.737

24.795
0 0
3.902 -3.126
3.932 6.874

24.810
0 0
3.994 -3.008
3.405 6.975

24.825
0 0
4.082 -2.887
2.881 7.041

24.840
0 0
4.167 -2.763
2.361 7.072

24.855
0 0
4.248 -2.637
1.846 7.070

24.870
0 0
4.325 -2.508
1.339 7.036

24.885
0 0
4.399 -2.377
0.842 6.969

24.900
0 0
4.468 -2.244
0.355 6.871

24.915
0 0
4.533 -2.109
-0.119 6.743

24.930
0 0
4.595 -1.972
-0.579 6.586

24.945
0 0
4.652 -1.834
-1.023 6.401

24.960
0 0
4.705 -1.693
-1.450 6.189

24.975
0 0
4.753 -1.551
-1.859 5.951

24.990
0 0
4.798 -1.408
-2.248 5.689

25.005
0 0
4.838 -1.264
-2.616 5.403

25.020
0 0
4.873 -1.118
-2.962 5.096

25.035
0 0
4.905 -0.971
-3.285 4.768

25.050
0 0
4.932 -0.824
-3.583 4.420

25.065
0 0
4.954 -0.675
-3.856 4.055

25.080
0 0
4.972 -0.526
-4.103 3.674

25.095
0 0
4.986 -0.377
-4.322 3.278

25.110
0 0
4.995 -0.227
-4.514 2.868

25.125
0 0
4.999 -0.077
-4.677 2.448

25.140
0 0
4.999 0.073
-4.810 2.017

25.155
0 0
4.995 0.223
-4.913 1.578

25.170
0 0
4.986 0.372
-4.985 1.132

25.185
0 0
4.973 0.522
-5.026 0.683

25.200
0 0
4.955 0.671
-5.035 0.230

25.215
0 0
4.932 0.819
-5.013 -0.223

25.230
0 0
4.906 0.966
-4.959 -0.676

25.245
0 0
4.875 1.113
-4.872 -1.125

25.260
0 0
4.839 1.259
-4.753 -1.568

25.275
0 0
4.799 1.403
-4.602 -2.005

25.290
0 0
4.755 1.547
-4.420 -2.432

25.305
0 0
4.706 1.689
-4.205 -2.848

25.320
0 0
4.653 1.829
-3.961 -3.250

25.335
0 0
4.596 1.968
-3.685 -3.637

25.350
0 0
4.535 2.105
-3.381 -4.006

25.365
0 0
4.470 2.240
-3.047 -4.355

25.380
0 0
4.401 2.373
-2.686 -4.682

25.395
0 0
4.328 2.504
-2.299 -4.985

25.410
0 0
4.251 2.633
-1.888 -5.262

25.425
0 0
4.170 2.759
-1.452 -5.511

25.440
0 0
4.085 2.883
-0.995 -5.730

25.455
0 0
3.997 3.004
-0.518 -5.918

25.470
0 0
3.905 3.123
-0.024 -6.073

25.485
0 0
3.810 3.238
0.487 -6.193

25.500
0 0
3.711 3.351
1.011 -6.277

25.515
0 0
3.609 3.461
1.546 -6.324

25.530
0 0
3.503 3.568
2.089 -6.332

25.545
0 0
3.395 3.671
2.639 -6.300

25.560
0 0
3.283 3.771
3.192 -6.228

25.575
0 0
3.168 3.868
3.745 -6.115

25.590
0 0
3.051 3.961
4.296 -5.961

25.605
0 0
2.931 4.051
4.841 -5.765

25.620
0 0
2.808 4.137
5.378 -5.527

25.635
0 0
2.682 4.220
5.903 -5.248

25.650
0 0
2.555 4.298
6.413 -4.928

25.665
0 0
2.425 4.373
6.905 -4.567

25.680
0 0
2.292 4.444
7.377 -4.167

25.695
0 0
2.158 4.510
7.825 -3.729

25.710
0 0
2.022 4.573
8.246 -3.254

25.725
0 0
1.884 4.632
8.637 -2.744

25.740
0 0
1.744 4.686
8.995 -2.200

25.755
0 0
1.603 4.736
9.318 -1.625

25.770
0 0
1.460 4.782
9.603 -1.021

25.785
0 0
1.316 4.824
9.848 -0.391

25.800
0 0
1.170 4.861
10.051 0.263

25.815
0 0
1.024 4.894
10.209 0.938

25.830
0 0
0.877 4.923
10.320 1.631

25.845
0 0
0.729 4.947
10.383 2.339

25.860
0 0
0.580 4.966
10.396 3.058

25.875
0 0
0.431 4.981
10.359 3.784

25.890
0 0
0.281 4.992
10.270 4.515

25.905
0 0
0.131 4.998
10.128 5.245

25.920
0 0
-0.019 5.000
9.934 5.973

25.935
0 0
-0.169 4.997
9.687 6.692

25.950
0 0
-0.318 4.990
9.387 7.401

25.965
0 0
-0.468 4.978
9.034 8.094

25.980
0 0
-0.617 4.962
8.630 8.769

25.995
0 0
-0.766 4.941
8.175 9.420

26.010
0 0
-0.913 4.916
7.672 10.044

26.025
0 0
-1.060 4.886
7.120 10.638

26.040
0 0
-1.207 4.852
6.523 11.197

26.055
0 0
-1.352 4.814
5.882 11.718

26.070
0 0
-1.495 4.771
5.201 12.198

26.085
0 0
-1.638 4.724
4.481 12.634

26.100
0 0
-1.779 4.673
3.726 13.022

26.115
0 0
-1.918 4.617
2.939 13.359

26.130
0 0
-2.056 4.558
2.123 13.643

26.145
0 0
-2.192 4.494
1.283 13.871

26.160
0 0
-2.325 4.426
0.423 14.041

26.175
0 0
-2.457 4.355
-0.454 14.152

26.190
0 0
-2.587 4.279
-1.343 14.201

26.205
0 0
-2.714 4.199
-2.240 14.188

26.220
0 0
-2.839 4.116
-3.140 14.112

26.235
0 0
-2.961 4.029
-4.037 13.971

26.250
0 0
-3.080 3.939
-4.928 13.766

26.265
0 0
-3.197 3.844
-5.808 13.498

26.280
0 0
-3.311 3.747
-6.671 13.165

26.295
0 0
-3.422 3.646
-7.512 12.771

26.310
0 0
-3.530 3.541
-8.327 12.316

26.325
0 0
-3.634 3.434
-9.111 11.801

26.340
0 0
-3.736 3.323
-9.859 11.229

26.355
0 0
-3.834 3.210
-10.567 10.603

26.370
0 0
-3.928 3.093
-11.230 9.926

26.385
0 0
-4.019 2.974
-11.844 9.201

26.400
0 0
-4.107 2.852
-12.405 8.432

26.415
0 0
-4.190 2.728
-12.911 7.622

26.430
0 0
-4.270 2.601
-13.356 6.777

26.445
0 0
-4.346 2.472
-13.740 5.901

26.460
0 0
-4.419 2.340
-14.058 5.000

26.475
0 0
-4.487 2.207
-14.310 4.077

26.490
0 0
-4.551 2.071
-14.494 3.140

26.505
0 0
-4.611 1.934
-14.608 2.192

26.520
0 0
-4.667 1.794
-14.652 1.241

26.535
0 0
-4.719 1.654
-14.625 0.291

26.550
0 0
-4.766 1.511
-14.529 -0.651

26.565
0 0
-4.809 1.368
-14.365 -1.581

26.580
0 0
-4.848 1.223
-14.133 -2.491

26.595
0 0
-4.883 1.077
-13.835 -3.378

26.610
0 0
-4.913 0.930
-13.475 -4.236

26.625
0 0
-4.938 0.782
-13.054 -5.060

26.640
0 0
-4.960 0.634
-12.577 -5.845

26.655
0 0
-4.976 0.485
-12.047 -6.587

26.670
0 0
-4.989 0.335
-11.467 -7.283

26.685
0 0
-4.997 0.185
-10.843 -7.928

26.700
0 0
-5.000 0.035
-10.178 -8.519

26.715
0 0
-4.999 -0.115
-9.479 -9.055

26.730
0 0
-4.993 -0.265
-8.749 -9.532

26.745
0 0
-4.983 -0.414
-7.994 -9.950

26.760
0 0
-4.968 -0.563
-7.219 -10.307

26.775
0 0
-4.949 -0.712
-6.429 -10.602

26.790
0 0
-4.925 -0.860
-5.629 -10.836

26.805
0 0
-4.897 -1.008
-4.825 -11.007

26.820
0 0
-4.865 -1.154
-4.022 -11.119

26.835
0 0
-4.828 -1.300
-3.223 -11.170

26.850
0 0
-4.787 -1.444
-2.435 -11.163

26.865
0 0
-4.742 -1.587
-1.660 -11.100

26.880
0 0
-4.692 -1.728
-0.904 -10.983

26.895
0 0
-4.638 -1.868
-0.170 -10.814

26.910
0 0
-4.580 -2.006
0.539 -10.597

26.925
0 0
-4.518 -2.143
1.219 -10.334

26.940
0 0
-4.451 -2.277
1.868 -10.028

26.955
0 0
-4.381 -2.410
2.483 -9.682

26.970
0 0
-4.307 -2.540
3.062 -9.301

26.985
0 0
-4.228 -2.668
3.603 -8.887

27.000
0 0
-4.147 -2.794
4.104 -8.444

27.015
0 0
-4.061 -2.917
4.565 -7.976

27.030
0 0
-3.972 -3.038
4.985 -7.485

27.045
0 0
-3.879 -3.155
5.363 -6.976

27.060
0 0
-3.782 -3.270
5.698 -6.451

27.075
0 0
-3.682 -3.382
5.992 -5.915

27.090
0 0
-3.579 -3.491
6.243 -5.369

27.105
0 0
-3.473 -3.597
6.452 -4.818

27.120
0 0
-3.364 -3.700
6.620 -4.264

27.135
0 0
-3.251 -3.799
6.749 -3.710

27.150
0 0
-3.136 -3.895
6.837 -3.159

27.165
0 0
-3.017 -3.987
6.888 -2.613

27.180
0 0
-2.897 -4.076
6.901 -2.074

27.195
0 0
-2.773 -4.161
6.879 -1.544

27.210
0 0
-2.647 -4.242
6.822 -1.026

27.225
0 0
-2.518 -4.319
6.732 -0.522

27.240
0 0
-2.388 -4.393
6.611 -0.032

27.255
0 0
-2.255 -4.463
6.461 0.441

27.270
0 0
-2.120 -4.528
6.281 0.895

27.285
0 0
-1.983 -4.590
6.076 1.330

27.300
0 0
-1.845 -4.647
5.845 1.745

27.315
0 0
-1.704 -4.701
5.592 2.138

27.330
0 0
-1.563 -4.750
5.316 2.509

27.345
0 0
-1.420 -4.794
5.020 2.856

27.360
0 0
-1.275 -4.835
4.707 3.179

27.375
0 0
-1.130 -4.871
4.376 3.477

27.390
0 0
-0.983 -4.902
4.030 3.750

27.405
0 0
-0.835 -4.930
3.670 3.998

27.420
0 0
-0.687 -4.953
3.299 4.219

27.435
0 0
-0.538 -4.971
2.917 4.413

27.450
0 0
-0.389 -4.985
2.526 4.581

27.465
0 0
-0.239 -4.994
2.127 4.722

27.480
0 0
-0.089 -4.999
1.722 4.835

27.495
0 0
0.061 -5.000
1.313 4.922

27.510
0 0
0.211 -4.996
0.900 4.981

27.525
0 0
0.360 -4.987
0.486 5.012

27.540
0 0
0.510 -4.974
0.072 5.016

27.555
0 0
0.659 -4.956
-0.342 4.993

27.570
0 0
0.807 -4.934
-0.752 4.943

27.585
0 0
0.955 -4.908
-1.159 4.866

27.600
0 0
1.102 -4.877
-1.561 4.762

27.615
0 0
1.247 -4.842
-1.955 4.631

27.630
0 0
1.392 -4.802
-2.342 4.474

27.645
0 0
1.535 -4.758
-2.719 4.292

27.660
0 0
1.677 -4.710
-3.085 4.083

27.675
0 0
1.818 -4.658
-3.438 3.849

27.690
0 0
1.957 -4.601
-3.778 3.591

27.705
0 0
2.094 -4.540
-4.102 3.309

27.720
0 0
2.229 -4.476
-4.409 3.003

27.735
0 0
2.363 -4.407
-4.699 2.674

27.750
0 0
2.494 -4.334
-4.968 2.324

27.765
0 0
2.623 -4.257
-5.216 1.952

27.780
0 0
2.749 -4.176
-5.442 1.560

27.795
0 0
2.873 -4.092
-5.643 1.150

27.810
0 0
2.995 -4.004
-5.819 0.721

27.825
0 0
3.113 -3.912
-5.968 0.275

27.840
0 0
3.229 -3.817
-6.088 -0.185

27.855
0 0
3.342 -3.719
-6.178 -0.660

27.870
0 0
3.452 -3.617
-6.238 -1.147

27.885
0 0
3.559 -3.512
-6.265 -1.644

27.900
0 0
3.663 -3.403
-6.258 -2.150

27.915
0 0
3.763 -3.292
-6.217 -2.662

27.930
0 0
3.860 -3.178
-6.140 -3.179

27.945
0 0
3.954 -3.060
-6.026 -3.698

27.960
0 0
4.044 -2.940
-5.874 -4.216

27.975
0 0
4.130 -2.818
-5.685 -4.732

27.990
0 0
4.213 -2.693
-5.456 -5.243

28.005
0 0
4.292 -2.565
-5.189 -5.746

28.020
0 0
4.367 -2.435
-4.882 -6.237

28.035
0 0
4.438 -2.303
-4.536 -6.715

28.050
0 0
4.505 -2.169
-4.151 -7.175

28.065
0 0
4.568 -2.033
-3.728 -7.616

28.080
0 0
4.627 -1.895
-3.267 -8.033

28.095
0 0
4.682 -1.755
-2.769 -8.424

28.110
0 0
4.732 -1.614
-2.236 -8.786

28.125
0 0
4.779 -1.471
-1.669 -9.115

28.140
0 0
4.821 -1.327
-1.070 -9.408

28.155
0 0
4.858 -1.182
-0.441 -9.662

28.170
0 0
4.892 -1.036
0.215 -9.875

28.185
0 0
4.920 -0.889
0.896 -10.043

28.200
0 0
4.945 -0.741
1.598 -10.164

28.215
0 0
4.965 -0.592
2.319 -10.236

28.230
0 0
4.980 -0.443
3.055 -10.256

28.245
0 0
4.991 -0.293
3.802 -10.222

28.260
0 0
4.998 -0.143
4.555 -10.134

28.275
0 0
5.000 0.007
5.311 -9.988

28.290
0 0
4.998 0.157
6.066 -9.786

28.305
0 0
4.991 0.306
6.813 -9.526

28.320
0 0
4.979 0.456
7.550 -9.208

28.335
0 0
4.963 0.605
8.271 -8.832

28.350
0 0
4.943 0.754
8.971 -8.399

28.365
0 0
4.918 0.902
9.645 -7.910

28.380
0 0
4.889 1.049
10.289 -7.368

28.395
0 0
4.855 1.195
10.898 -6.772

28.410
0 0
4.817 1.340
11.468 -6.127

28.425
0 0
4.775 1.484
11.994 -5.435

28.440
0 0
4.728 1.627
12.472 -4.700

28.455
0 0
4.677 1.768
12.899 -3.924

28.470
0 0
4.622 1.907
13.271 -3.113

28.485
0 0
4.563 2.045
13.584 -2.270

28.500
0 0
4.499 2.181
13.836 -1.400

28.515
0 0
4.432 2.315
14.025 -0.508

28.530
0 0
4.360 2.447
14.149 0.401

28.545
0 0
4.285 2.576
14.206 1.322

28.560
0 0
4.206 2.704
14.196 2.250

28.575
0 0
4.123 2.829
14.117 3.178

28.590
0 0
4.036 2.951
13.970 4.101

28.605
0 0
3.946 3.071
13.755 5.015

28.620
0 0
3.852 3.188
13.473 5.913

28.635
0 0
3.755 3.302
13.126 6.791

28.650
0 0
3.654 3.413
12.716 7.642

28.665
0 0
3.550 3.521
12.243 8.463

28.680
0 0
3.443 3.626
11.713 9.248

28.695
0 0
3.332 3.728
11.126 9.993

28.710
0 0
3.219 3.826
10.487 10.694

28.725
0 0
3.103 3.921
9.800 11.347

28.740
0 0
2.984 4.012
9.068 11.948

28.755
0 0
2.862 4.100
8.296 12.495

28.770
0 0
2.738 4.184
7.488 12.984

28.785
0 0
2.611 4.264
6.648 13.413

28.800
0 0
2.482 4.340
5.783 13.780

28.815
0 0
2.351 4.413
4.896 14.084

28.830
0 0
2.217 4.481
3.992 14.323

28.845
0 0
2.082 4.546
3.077 14.496

28.860
0 0
1.945 4.606
2.156 14.604

28.875
0 0
1.806 4.663
1.233 14.646

28.890
0 0
1.665 4.715
0.314 14.623

28.905
0 0
1.523 4.762
-0.597 14.535

28.920
0 0
1.379 4.806
-1.494 14.384

28.935
0 0
1.234 4.845
-2.374 14.172

28.950
0 0
1.089 4.880
-3.231 13.899

28.965
0 0
0.942 4.911
-4.062 13.569

28.980
0 0
0.794 4.937
-4.862 13.183

28.995
0 0
0.646 4.958
-5.628 12.746

29.010
0 0
0.497 4.975
-6.356 12.259

29.025
0 0
0.347 4.988
-7.042 11.726

29.040
0 0
0.197 4.996
-7.685 11.150

29.055
0 0
0.047 5.000
-8.281 10.536

29.070
0 0
-0.103 4.999
-8.827 9.886

29.085
0 0
-0.253 4.994
-9.322 9.206

29.100
0 0
-0.402 4.984
-9.764 8.499

29.115
0 0
-0.552 4.969
-10.152 7.769

29.130
0 0
-0.700 4.951
-10.484 7.021

29.145
0 0
-0.849 4.927
-10.760 6.259

29.160
0 0
-0.996 4.900
-10.979 5.486

29.175
0 0
-1.142 4.868
-11.141 4.709

29.190
0 0
-1.288 4.831
-11.247 3.930

29.205
0 0
-1.432 4.790
-11.297 3.153

29.220
0 0
-1.575 4.745
-11.293 2.384

29.235
0 0
-1.717 4.696
-11.234 1.626

29.250
0 0
-1.857 4.642
-11.123 0.882

29.265
0 0
-1.996 4.585
-10.962 0.156

29.280
0 0
-2.132 4.523
-10.752 -0.547

29.295
0 0
-2.267 4.457
-10.495 -1.226

29.310
0 0
-2.399 4.387
-10.195 -1.877

29.325
0 0
-2.530 4.313
-9.854 -2.496

29.340
0 0
-2.658 4.235
-9.474 -3.083

29.355
0 0
-2.784 4.153
-9.059 -3.633

29.370
0 0
-2.907 4.068
-8.611 -4.146

29.385
0 0
-3.028 3.979
-8.135 -4.619

29.400
0 0
-3.146 3.886
-7.633 -5.051

29.415
0 0
-3.261 3.790
-7.108 -5.440

29.430
0 0
-3.373 3.691
-6.564 -5.787

29.445
0 0
-3.483 3.588
-6.005 -6.089

29.460
0 0
-3.589 3.482
-5.434 -6.347

29.475
0 0
-3.691 3.372
-4.854 -6.560

29.490
0 0
-3.791 3.260
-4.268 -6.728

29.505
0 0
-3.887 3.145
-3.680 -6.853

29.520
0 0
-3.980 3.027
-3.094 -6.934

29.535
0 0
-4.069 2.906
-2.511 -6.972

29.550
0 0
-4.154 2.783
-1.935 -6.968

29.565
0 0
-4.236 2.657
-1.369 -6.923

29.580
0 0
-4.313 2.529
-0.815 -6.839

29.595
0 0
-4.387 2.398
-0.276 -6.718

29.610
0 0
-4.457 2.266
0.245 -6.560

29.625
0 0
-4.523 2.131
0.747 -6.368

29.640
0 0
-4.585 1.994
1.228 -6.143

29.655
0 0
-4.643 1.856
1.685 -5.888

29.670
0 0
-4.696 1.716
2.117 -5.604

29.685
0 0
-4.746 1.574
2.522 -5.294

29.700
0 0
-4.791 1.431
2.900 -4.960

29.715
0 0
-4.832 1.287
3.249 -4.605

29.730
0 0
-4.868 1.141
3.568 -4.229

29.745
0 0
-4.900 0.995
3.856 -3.836

29.760
0 0
-4.928 0.847
4.112 -3.429

29.775
0 0
-4.951 0.699
4.337 -3.008

29.790
0 0
-4.970 0.550
4.529 -2.576

29.805
0 0
-4.984 0.401
4.689 -2.136

29.820
0 0
-4.994 0.251
4.816 -1.690

29.835
0 0
-4.999 0.101
4.911 -1.240

29.850
0 0
-5.000 -0.049
4.973 -0.787

29.865
0 0
-4.996 -0.199
5.003 -0.334

29.880
0 0
-4.988 -0.348
5.001 0.117

29.895
0 0
-4.975 -0.498
4.968 0.564

29.910
0 0
-4.958 -0.647
4.905 1.006

29.925
0 0
-4.936 -0.795
4.811 1.440

29.940
0 0
-4.910 -0.943
4.687 1.866

29.955
0 0
-4.880 -1.090
4.535 2.281

29.970
0 0
-4.845 -1.236
4.355 2.683

29.985
0 0
-4.806 -1.381
4.148 3.072

30.000
0 0
-4.762 -1.524
3.915 3.446

