# position_3joints.txt
# Time: t
# Origin: x / y
# Joint: x / y
# Pendulum: x / y
0.000
0 0
5.000 0.000
5.000 -10.000

0.015
0 0
4.986 0.375
5.299 -9.620

0.030
0 0
4.944 0.747
5.598 -9.231

0.045
0 0
4.874 1.116
5.896 -8.832

0.060
0 0
4.777 1.478
6.193 -8.422

0.075
0 0
4.653 1.831
6.487 -7.999

0.090
0 0
4.502 2.175
6.779 -7.563

0.105
0 0
4.327 2.506
7.066 -7.111

0.120
0 0
4.127 2.823
7.348 -6.644

0.135
0 0
3.904 3.124
7.624 -6.158

0.150
0 0
3.658 3.408
7.890 -5.652

0.165
0 0
3.393 3.673
8.146 -5.126

0.180
0 0
3.108 3.917
8.388 -4.576

0.195
0 0
2.806 4.139
8.613 -4.002

0.210
0 0
2.488 4.337
8.819 -3.403

0.225
0 0
2.156 4.511
9.002 -2.778

0.240
0 0
1.812 4.660
9.157 -2.126

0.255
0 0
1.458 4.783
9.280 -1.447

0.270
0 0
1.095 4.879
9.367 -0.741

0.285
0 0
0.726 4.947
9.412 -0.009

0.300
0 0
0.354 4.987
9.411 0.748

0.315
0 0
-0.021 5.000
9.356 1.527

0.330
0 0
-0.396 4.984
9.244 2.325

0.345
0 0
-0.768 4.941
9.068 3.138

0.360
0 0
-1.136 4.869
8.823 3.962

0.375
0 0
-1.498 4.770
8.502 4.790

0.390
0 0
-1.851 4.645
8.102 5.615

0.405
0 0
-2.194 4.493
7.617 6.431

0.420
0 0
-2.524 4.316
7.043 7.226

0.435
0 0
-2.841 4.115
6.378 7.991

0.450
0 0
-3.141 3.890
5.619 8.714

0.465
0 0
-3.424 3.644
4.765 9.384

0.480
0 0
-3.687 3.377
3.819 9.985

0.495
0 0
-3.930 3.092
2.782 10.504

0.510
0 0
-4.150 2.788
1.660 10.927

0.525
0 0
-4.348 2.470
0.460 11.238

0.540
0 0
-4.520 2.137
-0.808 11.422

0.555
0 0
-4.668 1.792
-2.132 11.465

0.570
0 0
-4.789 1.437
-3.495 11.353

0.585
0 0
-4.883 1.075
-4.880 11.075

0.600
0 0
-4.950 0.706
-6.265 10.619

0.615
0 0
-4.989 0.333
-7.625 9.979

0.630
0 0
-5.000 -0.042
-8.934 9.151

0.645
0 0
-4.983 -0.417
-10.164 8.136

0.660
0 0
-4.937 -0.789
-11.285 6.939

0.675
0 0
-4.864 -1.156
-12.265 5.569

0.690
0 0
-4.764 -1.518
-13.076 4.042

0.705
0 0
-4.637 -1.870
-13.688 2.381

0.720
0 0
-4.484 -2.213
-14.076 0.613

0.735
0 0
-4.305 -2.542
-14.219 -1.230

0.750
0 0
-4.103 -2.858
-14.100 -3.109

0.765
0 0
-3.877 -3.157
-13.709 -4.984

0.780
0 0
-3.630 -3.439
-13.044 -6.811

0.795
0 0
-3.362 -3.701
-12.111 -8.543

0.810
0 0
-3.075 -3.943
-10.925 -10.138

0.825
0 0
-2.771 -4.162
-9.507 -11.553

0.840
0 0
-2.451 -4.358
-7.889 -12.750

0.855
0 0
-2.118 -4.529
-6.108 -13.699

0.870
0 0
-1.773 -4.675
-4.207 -14.374

0.885
0 0
-1.417 -4.795
-2.233 -14.762

0.900
0 0
-1.054 -4.888
-0.233 -14.854

0.915
0 0
-0.685 -4.953
1.742 -14.654

0.930
0 0
-0.312 -4.990
3.648 -14.173

0.945
0 0
0.063 -5.000
5.440 -13.431

0.960
0 0
0.437 -4.981
7.082 -12.454

0.975
0 0
0.809 -4.934
8.543 -11.274

0.990
0 0
1.177 -4.860
9.798 -9.927

1.005
0 0
1.538 -4.758
10.831 -8.451

1.020
0 0
1.890 -4.629
11.632 -6.884

1.035
0 0
2.231 -4.474
12.200 -5.265

1.050
0 0
2.560 -4.295
12.538 -3.630

1.065
0 0
2.875 -4.091
12.656 -2.011

1.080
0 0
3.173 -3.864
12.568 -0.437

1.095
0 0
3.454 -3.615
12.291 1.066

1.110
0 0
3.715 -3.346
11.845 2.477

1.125
0 0
3.956 -3.058
11.251 3.781

1.140
0 0
4.174 -2.753
10.531 4.965

1.155
0 0
4.368 -2.433
9.708 6.022

1.170
0 0
4.538 -2.099
8.802 6.947

1.185
0 0
4.683 -1.753
7.834 7.737

1.200
0 0
4.801 -1.397
6.823 8.396

1.215
0 0
4.892 -1.033
5.786 8.927

1.230
0 0
4.956 -0.664
4.738 9.334

1.245
0 0
4.992 -0.291
3.693 9.625

1.260
0 0
4.999 0.084
2.661 9.807

1.275
0 0
4.979 0.458
1.653 9.889

1.290
0 0
4.931 0.830
0.676 9.880

1.305
0 0
4.855 1.197
-0.263 9.788

1.320
0 0
4.751 1.558
-1.160 9.624

1.335
0 0
4.621 1.909
-2.011 9.394

1.350
0 0
4.465 2.250
-2.813 9.108

1.365
0 0
4.284 2.578
-3.566 8.773

1.380
0 0
4.079 2.892
-4.270 8.397

1.395
0 0
3.850 3.190
-4.924 7.987

1.410
0 0
3.601 3.469
-5.530 7.548

1.425
0 0
3.331 3.729
-6.089 7.086

1.440
0 0
3.042 3.968
-6.604 6.606

1.455
0 0
2.736 4.185
-7.077 6.112

1.470
0 0
2.415 4.378
-7.509 5.609

1.485
0 0
2.080 4.547
-7.905 5.098

1.500
0 0
1.733 4.690
-8.266 4.584

1.515
0 0
1.377 4.807
-8.596 4.068

1.530
0 0
1.013 4.896
-8.896 3.552

1.545
0 0
0.643 4.958
-9.171 3.037

1.560
0 0
0.270 4.993
-9.421 2.525

1.575
0 0
-0.105 4.999
-9.650 2.017

1.590
0 0
-0.479 4.977
-9.860 1.512

1.605
0 0
-0.851 4.927
-10.052 1.011

1.620
0 0
-1.218 4.849
-10.230 0.515

1.635
0 0
-1.578 4.745
-10.393 0.024

1.650
0 0
-1.929 4.613
-10.544 -0.464

1.665
0 0
-2.269 4.456
-10.684 -0.947

1.680
0 0
-2.596 4.273
-10.814 -1.425

1.695
0 0
-2.909 4.066
-10.935 -1.899

1.710
0 0
-3.206 3.837
-11.047 -2.369

1.725
0 0
-3.484 3.586
-11.150 -2.835

1.740
0 0
-3.743 3.315
-11.246 -3.296

1.755
0 0
-3.981 3.025
-11.334 -3.753

1.770
0 0
-4.197 2.718
-11.413 -4.204

1.785
0 0
-4.388 2.396
-11.485 -4.650

1.800
0 0
-4.556 2.061
-11.547 -5.089

1.815
0 0
-4.697 1.713
-11.601 -5.521

1.830
0 0
-4.812 1.357
-11.644 -5.946

1.845
0 0
-4.901 0.992
-11.677 -6.361

1.860
0 0
-4.961 0.622
-11.699 -6.767

1.875
0 0
-4.994 0.249
-11.709 -7.161

1.890
0 0
-4.998 -0.126
-11.705 -7.544

1.905
0 0
-4.975 -0.500
-11.687 -7.913

1.920
0 0
-4.923 -0.872
-11.654 -8.267

1.935
0 0
-4.844 -1.238
-11.605 -8.607

1.950
0 0
-4.738 -1.598
-11.538 -8.929

1.965
0 0
-4.605 -1.948
-11.453 -9.235

1.980
0 0
-4.446 -2.288
-11.349 -9.522

1.995
0 0
-4.262 -2.614
-11.226 -9.791

2.010
0 0
-4.054 -2.926
-11.081 -10.041

2.025
0 0
-3.823 -3.222
-10.915 -10.272

2.040
0 0
-3.571 -3.499
-10.728 -10.484

2.055
0 0
-3.299 -3.757
-10.519 -10.676

2.070
0 0
-3.008 -3.994
-10.288 -10.850

2.085
0 0
-2.701 -4.208
-10.035 -11.006

2.100
0 0
-2.378 -4.398
-9.760 -11.144

2.115
0 0
-2.041 -4.564
-9.465 -11.264

2.130
0 0
-1.694 -4.704
-9.149 -11.369

2.145
0 0
-1.336 -4.818
-8.814 -11.458

2.160
0 0
-0.972 -4.905
-8.459 -11.533

2.175
0 0
-0.601 -4.964
-8.087 -11.594

2.190
0 0
-0.228 -4.995
-7.698 -11.642

2.205
0 0
0.147 -4.998
-7.294 -11.679

2.220
0 0
0.521 -4.973
-6.874 -11.704

2.235
0 0
0.892 -4.920
-6.441 -11.719

2.250
0 0
1.258 -4.839
-5.994 -11.723

2.265
0 0
1.617 -4.731
-5.536 -11.719

2.280
0 0
1.967 -4.597
-5.066 -11.705

2.295
0 0
2.306 -4.436
-4.585 -11.683

2.310
0 0
2.632 -4.251
-4.093 -11.652

2.325
0 0
2.943 -4.042
-3.592 -11.611

2.340
0 0
3.238 -3.810
-3.080 -11.561

2.355
0 0
3.514 -3.557
-2.558 -11.502

2.370
0 0
3.771 -3.283
-2.027 -11.431

2.385
0 0
4.006 -2.991
-1.485 -11.349

2.400
0 0
4.219 -2.683
-0.933 -11.253

2.415
0 0
4.408 -2.359
-0.372 -11.143

2.430
0 0
4.573 -2.022
0.201 -11.016

2.445
0 0
4.711 -1.674
0.783 -10.870

2.460
0 0
4.824 -1.316
1.375 -10.703

2.475
0 0
4.909 -0.951
1.977 -10.512

2.490
0 0
4.966 -0.581
2.588 -10.294

2.505
0 0
4.996 -0.207
3.207 -10.045

2.520
0 0
4.997 0.168
3.832 -9.764

2.535
0 0
4.971 0.542
4.462 -9.445

2.550
0 0
4.916 0.913
5.094 -9.085

2.565
0 0
4.834 1.279
5.725 -8.681

2.580
0 0
4.724 1.637
6.351 -8.229

2.595
0 0
4.588 1.987
6.969 -7.726

2.610
0 0
4.427 2.325
7.572 -7.167

2.625
0 0
4.240 2.650
8.156 -6.551

2.640
0 0
4.029 2.960
8.713 -5.875

2.655
0 0
3.796 3.254
9.236 -5.137

2.670
0 0
3.542 3.529
9.717 -4.336

2.685
0 0
3.267 3.785
10.147 -3.473

2.700
0 0
2.975 4.019
10.516 -2.548

2.715
0 0
2.665 4.231
10.815 -1.565

2.730
0 0
2.341 4.418
11.033 -0.526

2.745
0 0
2.003 4.581
11.160 0.563

2.760
0 0
1.654 4.718
11.185 1.693

2.775
0 0
1.296 4.829
11.099 2.857

2.790
0 0
0.930 4.913
10.892 4.042

2.805
0 0
0.560 4.969
10.556 5.237

2.820
0 0
0.186 4.997
10.083 6.425

2.835
0 0
-0.189 4.996
9.468 7.591

2.850
0 0
-0.563 4.968
8.708 8.716

2.865
0 0
-0.934 4.912
7.802 9.779

2.880
0 0
-1.299 4.828
6.752 10.759

2.895
0 0
-1.657 4.717
5.564 11.635

2.910
0 0
-2.006 4.580
4.246 12.385

2.925
0 0
-2.344 4.417
2.811 12.986

2.940
0 0
-2.668 4.229
1.276 13.418

2.955
0 0
-2.977 4.017
-0.339 13.663

2.970
0 0
-3.270 3.783
-2.009 13.703

2.985
0 0
-3.544 3.527
-3.706 13.526

3.000
0 0
-3.798 3.251
-5.400 13.122

3.015
0 0
-4.031 2.958
-7.056 12.489

3.030
0 0
-4.242 2.647
-8.641 11.628

3.045
0 0
-4.428 2.322
-10.118 10.545

3.060
0 0
-4.590 1.984
-11.454 9.256

3.075
0 0
-4.725 1.634
-12.615 7.778

3.090
0 0
-4.835 1.276
-13.572 6.140

3.105
0 0
-4.917 0.910
-14.299 4.371

3.120
0 0
-4.971 0.539
-14.775 2.507

3.135
0 0
-4.997 0.165
-14.988 0.588

3.150
0 0
-4.996 -0.210
-14.931 -1.346

3.165
0 0
-4.966 -0.584
-14.604 -3.250

3.180
0 0
-4.908 -0.954
-14.015 -5.086

3.195
0 0
-4.823 -1.319
-13.180 -6.812

3.210
0 0
-4.710 -1.677
-12.120 -8.393

3.225
0 0
-4.571 -2.025
-10.863 -9.798

3.240
0 0
-4.407 -2.362
-9.441 -11.003

3.255
0 0
-4.217 -2.686
-7.889 -11.987

3.270
0 0
-4.004 -2.994
-6.244 -12.740

3.285
0 0
-3.769 -3.286
-4.543 -13.256

3.300
0 0
-3.512 -3.559
-2.824 -13.535

3.315
0 0
-3.235 -3.812
-1.119 -13.586

3.330
0 0
-2.941 -4.044
0.538 -13.419

3.345
0 0
-2.629 -4.253
2.121 -13.052

3.360
0 0
-2.303 -4.438
3.606 -12.505

3.375
0 0
-1.964 -4.598
4.974 -11.800

3.390
0 0
-1.614 -4.732
6.210 -10.959

3.405
0 0
-1.255 -4.840
7.305 -10.009

3.420
0 0
-0.889 -4.920
8.254 -8.971

3.435
0 0
-0.518 -4.973
9.054 -7.869

3.450
0 0
-0.144 -4.998
9.706 -6.724

3.465
0 0
0.231 -4.995
10.215 -5.557

3.480
0 0
0.605 -4.963
10.588 -4.383

3.495
0 0
0.975 -4.904
10.832 -3.219

3.510
0 0
1.340 -4.817
10.957 -2.078

3.525
0 0
1.697 -4.703
10.973 -0.969

3.540
0 0
2.044 -4.563
10.892 0.098

3.555
0 0
2.381 -4.397
10.723 1.117

3.570
0 0
2.703 -4.206
10.478 2.083

3.585
0 0
3.011 -3.992
10.166 2.994

3.600
0 0
3.302 -3.755
9.798 3.847

3.615
0 0
3.574 -3.497
9.383 4.643

3.630
0 0
3.826 -3.219
8.928 5.381

3.645
0 0
4.056 -2.924
8.441 6.063

3.660
0 0
4.264 -2.612
7.930 6.692

3.675
0 0
4.447 -2.285
7.399 7.270

3.690
0 0
4.606 -1.945
6.854 7.799

3.705
0 0
4.739 -1.594
6.299 8.283

3.720
0 0
4.845 -1.235
5.738 8.725

3.735
0 0
4.924 -0.868
5.173 9.129

3.750
0 0
4.975 -0.497
4.608 9.496

3.765
0 0
4.998 -0.123
4.044 9.832

3.780
0 0
4.994 0.252
3.482 10.137

3.795
0 0
4.961 0.626
2.925 10.416

3.810
0 0
4.900 0.996
2.372 10.671

3.825
0 0
4.812 1.360
1.824 10.903

3.840
0 0
4.696 1.717
1.282 11.116

3.855
0 0
4.554 2.064
0.746 11.310

3.870
0 0
4.387 2.399
0.215 11.487

3.885
0 0
4.195 2.721
-0.309 11.649

3.900
0 0
3.979 3.028
-0.827 11.797

3.915
0 0
3.741 3.317
-1.339 11.931

3.930
0 0
3.482 3.588
-1.844 12.052

3.945
0 0
3.203 3.839
-2.343 12.160

3.960
0 0
2.907 4.068
-2.835 12.256

3.975
0 0
2.594 4.275
-3.320 12.339

3.990
0 0
2.266 4.457
-3.798 12.409

4.005
0 0
1.926 4.614
-4.267 12.466

4.020
0 0
1.575 4.746
-4.727 12.510

4.035
0 0
1.214 4.850
-5.178 12.540

4.050
0 0
0.848 4.928
-5.619 12.555

4.065
0 0
0.476 4.977
-6.049 12.555

4.080
0 0
0.102 4.999
-6.467 12.539

4.095
0 0
-0.273 4.993
-6.872 12.506

4.110
0 0
-0.646 4.958
-7.264 12.455

4.125
0 0
-1.016 4.896
-7.642 12.386

4.140
0 0
-1.380 4.806
-8.004 12.297

4.155
0 0
-1.736 4.689
-8.351 12.188

4.170
0 0
-2.083 4.546
-8.682 12.059

4.185
0 0
-2.417 4.377
-8.997 11.908

4.200
0 0
-2.739 4.183
-9.294 11.735

4.215
0 0
-3.044 3.966
-9.574 11.540

4.230
0 0
-3.333 3.727
-9.837 11.323

4.245
0 0
-3.603 3.467
-10.082 11.084

4.260
0 0
-3.853 3.187
-10.311 10.822

4.275
0 0
-4.081 2.889
-10.522 10.538

4.290
0 0
-4.286 2.576
-10.718 10.233

4.305
0 0
-4.467 2.247
-10.897 9.906

4.320
0 0
-4.622 1.906
-11.061 9.558

4.335
0 0
-4.752 1.555
-11.209 9.190

4.350
0 0
-4.855 1.194
-11.344 8.803

4.365
0 0
-4.931 0.827
-11.464 8.398

4.380
0 0
-4.979 0.455
-11.571 7.975

4.395
0 0
-4.999 0.081
-11.665 7.535

4.410
0 0
-4.991 -0.294
-11.747 7.079

4.425
0 0
-4.955 -0.667
-11.816 6.608

4.440
0 0
-4.891 -1.037
-11.874 6.121

4.455
0 0
-4.800 -1.400
-11.920 5.621

4.470
0 0
-4.682 -1.756
-11.955 5.107

4.485
0 0
-4.537 -2.102
-11.977 4.579

4.500
0 0
-4.367 -2.436
-11.987 4.039

4.515
0 0
-4.172 -2.756
-11.985 3.485

4.530
0 0
-3.953 -3.061
-11.969 2.918

4.545
0 0
-3.713 -3.349
-11.938 2.339

4.560
0 0
-3.452 -3.617
-11.892 1.746

4.575
0 0
-3.171 -3.866
-11.828 1.139

4.590
0 0
-2.872 -4.093
-11.745 0.520

4.605
0 0
-2.558 -4.296
-11.641 -0.113

4.620
0 0
-2.228 -4.476
-11.512 -0.759

4.635
0 0
-1.887 -4.630
-11.357 -1.418

4.650
0 0
-1.535 -4.759
-11.172 -2.090

4.665
0 0
-1.174 -4.860
-10.953 -2.772

4.680
0 0
-0.806 -4.935
-10.698 -3.465

4.695
0 0
-0.434 -4.981
-10.401 -4.166

4.710
0 0
-0.060 -5.000
-10.059 -4.873

4.725
0 0
0.315 -4.990
-9.667 -5.583

4.740
0 0
0.688 -4.952
-9.222 -6.292

4.755
0 0
1.057 -4.887
-8.718 -6.995

4.770
0 0
1.420 -4.794
-8.152 -7.687

4.785
0 0
1.776 -4.674
-7.520 -8.361

4.800
0 0
2.121 -4.528
-6.819 -9.009

4.815
0 0
2.454 -4.356
-6.046 -9.624

4.830
0 0
2.774 -4.160
-5.200 -10.195

4.845
0 0
3.078 -3.941
-4.280 -10.713

4.860
0 0
3.364 -3.699
-3.287 -11.166

4.875
0 0
3.632 -3.436
-2.224 -11.542

4.890
0 0
3.879 -3.155
-1.096 -11.829

4.905
0 0
4.105 -2.855
0.092 -12.015

4.920
0 0
4.307 -2.539
1.331 -12.086

4.935
0 0
4.485 -2.210
2.609 -12.032

4.950
0 0
4.638 -1.867
3.914 -11.841

4.965
0 0
4.765 -1.515
5.229 -11.504

4.980
0 0
4.865 -1.153
6.538 -11.012

4.995
0 0
4.938 -0.785
7.818 -10.362

5.010
0 0
4.983 -0.413
9.049 -9.549

5.025
0 0
5.000 -0.039
10.208 -8.576

5.040
0 0
4.989 0.336
11.269 -7.446

5.055
0 0
4.949 0.709
12.210 -6.168

5.070
0 0
4.882 1.078
13.005 -4.755

5.085
0 0
4.788 1.441
13.633 -3.224

5.100
0 0
4.667 1.795
14.074 -1.597

5.115
0 0
4.519 2.140
14.309 0.102

5.130
0 0
4.346 2.472
14.326 1.845

5.145
0 0
4.148 2.791
14.116 3.599

5.160
0 0
3.928 3.094
13.674 5.333

5.175
0 0
3.685 3.380
13.002 7.012

5.190
0 0
3.421 3.646
12.107 8.602

5.205
0 0
3.138 3.892
11.002 10.070

5.220
0 0
2.838 4.117
9.705 11.386

5.235
0 0
2.521 4.318
8.240 12.521

5.250
0 0
2.191 4.495
6.634 13.453

5.265
0 0
1.848 4.646
4.918 14.163

5.280
0 0
1.494 4.771
3.127 14.637

5.295
0 0
1.133 4.870
1.296 14.869

5.310
0 0
0.765 4.941
-0.540 14.856

5.325
0 0
0.392 4.985
-2.345 14.603

5.340
0 0
0.018 5.000
-4.085 14.119

5.355
0 0
-0.357 4.987
-5.730 13.421

5.370
0 0
-0.730 4.946
-7.252 12.526

5.385
0 0
-1.098 4.878
-8.628 11.459

5.400
0 0
-1.461 4.782
-9.838 10.243

5.415
0 0
-1.815 4.659
-10.868 8.908

5.430
0 0
-2.159 4.510
-11.708 7.480

5.445
0 0
-2.491 4.335
-12.353 5.990

5.460
0 0
-2.809 4.137
-12.803 4.464

5.475
0 0
-3.111 3.915
-13.062 2.929

5.490
0 0
-3.395 3.670
-13.136 1.410

5.505
0 0
-3.661 3.406
-13.037 -0.072

5.520
0 0
-3.906 3.122
-12.776 -1.496

5.535
0 0
-4.129 2.820
-12.368 -2.846

5.550
0 0
-4.328 2.503
-11.830 -4.110

5.565
0 0
-4.504 2.172
-11.178 -5.275

5.580
0 0
-4.654 1.828
-10.429 -6.336

5.595
0 0
-4.778 1.474
-9.600 -7.286

5.610
0 0
-4.875 1.112
-8.708 -8.124

5.625
0 0
-4.944 0.744
-7.769 -8.849

5.640
0 0
-4.986 0.371
-6.795 -9.464

5.655
0 0
-5.000 -0.003
-5.802 -9.971

5.670
0 0
-4.986 -0.378
-4.800 -10.376

5.685
0 0
-4.943 -0.750
-3.799 -10.685

5.700
0 0
-4.873 -1.119
-2.809 -10.903

5.715
0 0
-4.776 -1.481
-1.837 -11.039

5.730
0 0
-4.651 -1.834
-0.888 -11.099

5.745
0 0
-4.501 -2.178
0.032 -11.092

5.760
0 0
-4.325 -2.509
0.920 -11.023

5.775
0 0
-4.125 -2.826
1.774 -10.901

5.790
0 0
-3.901 -3.127
2.592 -10.732

5.805
0 0
-3.656 -3.411
3.374 -10.523

5.820
0 0
-3.390 -3.675
4.119 -10.279

5.835
0 0
-3.105 -3.919
4.829 -10.005

5.850
0 0
-2.803 -4.140
5.504 -9.708

5.865
0 0
-2.485 -4.339
6.146 -9.390

5.880
0 0
-2.153 -4.513
6.756 -9.056

5.895
0 0
-1.809 -4.661
7.336 -8.708

5.910
0 0
-1.454 -4.784
7.888 -8.350

5.925
0 0
-1.092 -4.879
8.414 -7.985

5.940
0 0
-0.723 -4.947
8.915 -7.613

5.955
0 0
-0.350 -4.988
9.393 -7.238

5.970
0 0
0.024 -5.000
9.850 -6.859

5.985
0 0
0.399 -4.984
10.287 -6.479

6.000
0 0
0.771 -4.940
10.704 -6.098

6.015
0 0
1.139 -4.868
11.103 -5.717

6.030
0 0
1.501 -4.769
11.485 -5.337

6.045
0 0
1.854 -4.644
11.849 -4.958

6.060
0 0
2.197 -4.492
12.196 -4.580

6.075
0 0
2.527 -4.314
12.527 -4.205

6.090
0 0
2.843 -4.113
12.839 -3.831

6.105
0 0
3.143 -3.888
13.134 -3.461

6.120
0 0
3.426 -3.642
13.411 -3.093

6.135
0 0
3.689 -3.375
13.668 -2.728

6.150
0 0
3.932 -3.089
13.906 -2.366

6.165
0 0
4.152 -2.786
14.122 -2.008

6.180
0 0
4.349 -2.467
14.316 -1.654

6.195
0 0
4.522 -2.134
14.487 -1.304

6.210
0 0
4.669 -1.789
14.634 -0.958

6.225
0 0
4.790 -1.434
14.756 -0.616

6.240
0 0
4.884 -1.071
14.852 -0.278

6.255
0 0
4.950 -0.702
14.922 0.055

6.270
0 0
4.989 -0.329
14.964 0.385

6.285
0 0
5.000 0.045
14.978 0.710

6.300
0 0
4.982 0.420
14.964 1.031

6.315
0 0
4.937 0.792
14.921 1.349

6.330
0 0
4.864 1.160
14.851 1.662

6.345
0 0
4.763 1.521
14.753 1.972

6.360
0 0
4.636 1.874
14.628 2.279

6.375
0 0
4.482 2.216
14.476 2.582

6.390
0 0
4.304 2.545
14.298 2.883

6.405
0 0
4.101 2.861
14.096 3.180

6.420
0 0
3.875 3.160
13.870 3.474

6.435
0 0
3.627 3.441
13.622 3.766

6.450
0 0
3.359 3.703
13.353 4.054

6.465
0 0
3.072 3.945
13.065 4.340

6.480
0 0
2.768 4.164
12.758 4.622

6.495
0 0
2.448 4.360
12.434 4.902

6.510
0 0
2.115 4.531
12.094 5.178

6.525
0 0
1.769 4.676
11.739 5.452

6.540
0 0
1.414 4.796
11.371 5.722

6.555
0 0
1.051 4.888
10.990 5.988

6.570
0 0
0.681 4.953
10.597 6.251

6.585
0 0
0.308 4.990
10.192 6.511

6.600
0 0
-0.066 5.000
9.776 6.766

6.615
0 0
-0.441 4.981
9.350 7.018

6.630
0 0
-0.813 4.933
8.912 7.264

6.645
0 0
-1.180 4.859
8.463 7.506

6.660
0 0
-1.541 4.757
8.003 7.743

6.675
0 0
-1.893 4.628
7.531 7.974

6.690
0 0
-2.234 4.473
7.046 8.198

6.705
0 0
-2.563 4.293
6.548 8.414

6.720
0 0
-2.878 4.089
6.036 8.622

6.735
0 0
-3.176 3.862
5.508 8.820

6.750
0 0
-3.456 3.613
4.964 9.006

6.765
0 0
-3.717 3.344
4.403 9.179

6.780
0 0
-3.958 3.056
3.824 9.337

6.795
0 0
-4.175 2.751
3.225 9.477

6.810
0 0
-4.370 2.430
2.605 9.596

6.825
0 0
-4.540 2.096
1.965 9.691

6.840
0 0
-4.684 1.750
1.304 9.759

6.855
0 0
-4.802 1.394
0.621 9.796

6.870
0 0
-4.893 1.030
-0.084 9.798

6.885
0 0
-4.956 0.661
-0.809 9.760

6.900
0 0
-4.992 0.287
-1.553 9.677

6.915
0 0
-4.999 -0.087
-2.314 9.545

6.930
0 0
-4.979 -0.462
-3.090 9.358

6.945
0 0
-4.930 -0.833
-3.877 9.111

6.960
0 0
-4.854 -1.201
-4.671 8.798

6.975
0 0
-4.750 -1.561
-5.466 8.413

6.990
0 0
-4.620 -1.912
-6.255 7.953

7.005
0 0
-4.464 -2.253
-7.032 7.411

7.020
0 0
-4.282 -2.581
-7.786 6.785

7.035
0 0
-4.077 -2.895
-8.508 6.070

7.050
0 0
-3.848 -3.192
-9.186 5.264

7.065
0 0
-3.598 -3.472
-9.807 4.367

7.080
0 0
-3.328 -3.731
-10.358 3.380

7.095
0 0
-3.039 -3.970
-10.825 2.305

7.110
0 0
-2.733 -4.187
-11.192 1.147

7.125
0 0
-2.412 -4.380
-11.443 -0.085

7.140
0 0
-2.077 -4.548
-11.562 -1.382

7.155
0 0
-1.730 -4.691
-11.536 -2.730

7.170
0 0
-1.374 -4.808
-11.349 -4.112

7.185
0 0
-1.010 -4.897
-10.991 -5.508

7.200
0 0
-0.640 -4.959
-10.451 -6.895

7.215
0 0
-0.266 -4.993
-9.722 -8.246

7.230
0 0
0.108 -4.999
-8.804 -9.534

7.245
0 0
0.483 -4.977
-7.697 -10.729

7.260
0 0
0.854 -4.926
-6.410 -11.798

7.275
0 0
1.221 -4.849
-4.957 -12.712

7.290
0 0
1.581 -4.744
-3.355 -13.440

7.305
0 0
1.932 -4.612
-1.632 -13.955

7.320
0 0
2.272 -4.454
0.182 -14.233

7.335
0 0
2.599 -4.271
2.052 -14.256

7.350
0 0
2.912 -4.064
3.936 -14.012

7.365
0 0
3.208 -3.835
5.792 -13.495

7.380
0 0
3.487 -3.584
7.576 -12.709

7.395
0 0
3.745 -3.312
9.243 -11.666

7.410
0 0
3.983 -3.022
10.752 -10.383

7.425
0 0
4.198 -2.715
12.065 -8.889

7.440
0 0
4.390 -2.393
13.149 -7.217

7.455
0 0
4.557 -2.058
13.979 -5.407

7.470
0 0
4.698 -1.710
14.537 -3.502

7.485
0 0
4.813 -1.353
14.811 -1.547

7.500
0 0
4.901 -0.989
14.803 0.412

7.515
0 0
4.962 -0.619
14.517 2.330

7.530
0 0
4.994 -0.245
13.969 4.165

7.545
0 0
4.998 0.129
13.179 5.880

7.560
0 0
4.975 0.504
12.175 7.443

7.575
0 0
4.923 0.875
10.986 8.827

7.590
0 0
4.843 1.241
9.647 10.012

7.605
0 0
4.737 1.601
8.192 10.985

7.620
0 0
4.604 1.951
6.657 11.738

7.635
0 0
4.444 2.291
5.076 12.271

7.650
0 0
4.260 2.617
3.480 12.587

7.665
0 0
4.052 2.929
1.900 12.695

7.680
0 0
3.821 3.224
0.362 12.607

7.695
0 0
3.569 3.502
-1.110 12.339

7.710
0 0
3.297 3.759
-2.498 11.909

7.725
0 0
3.006 3.996
-3.786 11.335

7.740
0 0
2.698 4.210
-4.962 10.638

7.755
0 0
2.375 4.400
-6.018 9.837

7.770
0 0
2.038 4.566
-6.948 8.953

7.785
0 0
1.691 4.706
-7.750 8.003

7.800
0 0
1.333 4.819
-8.424 7.007

7.815
0 0
0.968 4.905
-8.974 5.980

7.830
0 0
0.598 4.964
-9.402 4.938

7.845
0 0
0.224 4.995
-9.715 3.894

7.860
0 0
-0.150 4.998
-9.919 2.860

7.875
0 0
-0.524 4.972
-10.023 1.845

7.890
0 0
-0.896 4.919
-10.034 0.859

7.905
0 0
-1.262 4.838
-9.961 -0.093

7.920
0 0
-1.621 4.730
-9.814 -1.004

7.935
0 0
-1.971 4.595
-9.599 -1.870

7.950
0 0
-2.309 4.435
-9.327 -2.690

7.965
0 0
-2.635 4.249
-9.004 -3.460

7.980
0 0
-2.946 4.040
-8.639 -4.182

7.995
0 0
-3.241 3.808
-8.238 -4.854

8.010
0 0
-3.517 3.554
-7.808 -5.478

8.025
0 0
-3.773 3.281
-7.355 -6.056

8.040
0 0
-4.008 2.989
-6.885 -6.589

8.055
0 0
-4.221 2.680
-6.401 -7.080

8.070
0 0
-4.410 2.356
-5.908 -7.531

8.085
0 0
-4.574 2.019
-5.409 -7.946

8.100
0 0
-4.713 1.671
-4.907 -8.327

8.115
0 0
-4.825 1.313
-4.404 -8.678

8.130
0 0
-4.909 0.948
-3.903 -9.001

8.145
0 0
-4.967 0.577
-3.405 -9.300

8.160
0 0
-4.996 0.203
-2.910 -9.577

8.175
0 0
-4.997 -0.171
-2.420 -9.834

8.190
0 0
-4.970 -0.545
-1.935 -10.074

8.205
0 0
-4.915 -0.916
-1.456 -10.299

8.220
0 0
-4.833 -1.282
-0.983 -10.511

8.235
0 0
-4.723 -1.641
-0.515 -10.712

8.250
0 0
-4.587 -1.990
-0.053 -10.903

8.265
0 0
-4.425 -2.328
0.404 -11.085

8.280
0 0
-4.238 -2.653
0.855 -11.259

8.295
0 0
-4.027 -2.963
1.300 -11.426

8.310
0 0
-3.794 -3.256
1.740 -11.586

8.325
0 0
-3.539 -3.532
2.174 -11.739

8.340
0 0
-3.265 -3.787
2.602 -11.885

8.355
0 0
-2.972 -4.021
3.023 -12.025

8.370
0 0
-2.662 -4.232
3.437 -12.157

8.385
0 0
-2.338 -4.420
3.843 -12.281

8.400
0 0
-2.000 -4.583
4.241 -12.396

8.415
0 0
-1.651 -4.720
4.629 -12.502

8.430
0 0
-1.293 -4.830
5.007 -12.596

8.445
0 0
-0.927 -4.913
5.373 -12.679

8.460
0 0
-0.556 -4.969
5.727 -12.748

8.475
0 0
-0.182 -4.997
6.068 -12.803

8.490
0 0
0.192 -4.996
6.394 -12.841

8.505
0 0
0.566 -4.968
6.705 -12.862

8.520
0 0
0.937 -4.911
6.999 -12.864

8.535
0 0
1.302 -4.827
7.277 -12.846

8.550
0 0
1.660 -4.716
7.537 -12.807

8.565
0 0
2.009 -4.579
7.780 -12.745

8.580
0 0
2.347 -4.415
8.005 -12.661

8.595
0 0
2.671 -4.227
8.211 -12.552

8.610
0 0
2.980 -4.015
8.401 -12.418

8.625
0 0
3.272 -3.780
8.572 -12.260

8.640
0 0
3.546 -3.525
8.728 -12.078

8.655
0 0
3.801 -3.249
8.867 -11.871

8.670
0 0
4.033 -2.955
8.990 -11.640

8.685
0 0
4.243 -2.644
9.100 -11.386

8.700
0 0
4.430 -2.319
9.195 -11.110

8.715
0 0
4.591 -1.981
9.279 -10.814

8.730
0 0
4.726 -1.631
9.351 -10.498

8.745
0 0
4.835 -1.272
9.412 -10.164

8.760
0 0
4.917 -0.906
9.463 -9.813

8.775
0 0
4.971 -0.535
9.506 -9.448

8.790
0 0
4.997 -0.161
9.541 -9.070

8.805
0 0
4.995 0.213
9.569 -8.679

8.820
0 0
4.965 0.587
9.590 -8.279

8.835
0 0
4.907 0.958
9.606 -7.870

8.850
0 0
4.822 1.323
9.616 -7.453

8.865
0 0
4.709 1.680
9.622 -7.030

8.880
0 0
4.570 2.028
9.623 -6.601

8.895
0 0
4.405 2.365
9.620 -6.168

8.910
0 0
4.216 2.688
9.613 -5.730

8.925
0 0
4.002 2.997
9.603 -5.288

8.940
0 0
3.767 3.288
9.588 -4.843

8.955
0 0
3.510 3.561
9.569 -4.394

8.970
0 0
3.233 3.814
9.546 -3.941

8.985
0 0
2.938 4.046
9.518 -3.485

9.000
0 0
2.627 4.255
9.484 -3.024

9.015
0 0
2.300 4.439
9.444 -2.559

9.030
0 0
1.961 4.599
9.396 -2.088

9.045
0 0
1.611 4.733
9.340 -1.612

9.060
0 0
1.252 4.841
9.274 -1.130

9.075
0 0
0.886 4.921
9.196 -0.642

9.090
0 0
0.515 4.973
9.104 -0.147

9.105
0 0
0.140 4.998
8.997 0.355

9.120
0 0
-0.234 4.995
8.873 0.864

9.135
0 0
-0.608 4.963
8.728 1.380

9.150
0 0
-0.978 4.903
8.561 1.903

9.165
0 0
-1.343 4.816
8.369 2.431

9.180
0 0
-1.700 4.702
8.148 2.964

9.195
0 0
-2.048 4.562
7.896 3.500

9.210
0 0
-2.384 4.395
7.610 4.037

9.225
0 0
-2.706 4.204
7.287 4.574

9.240
0 0
-3.014 3.990
6.924 5.107

9.255
0 0
-3.304 3.753
6.518 5.632

9.270
0 0
-3.576 3.495
6.066 6.147

9.285
0 0
-3.828 3.217
5.566 6.646

9.300
0 0
-4.058 2.921
5.016 7.124

9.315
0 0
-4.266 2.609
4.413 7.576

9.330
0 0
-4.449 2.282
3.758 7.996

9.345
0 0
-4.607 1.942
3.049 8.375

9.360
0 0
-4.740 1.591
2.286 8.707

9.375
0 0
-4.846 1.232
1.471 8.984

9.390
0 0
-4.925 0.865
0.606 9.197

9.405
0 0
-4.976 0.494
-0.306 9.337

9.420
0 0
-4.999 0.119
-1.260 9.394

9.435
0 0
-4.993 -0.255
-2.250 9.361

9.450
0 0
-4.960 -0.629
-3.267 9.227

9.465
0 0
-4.899 -0.999
-4.303 8.983

9.480
0 0
-4.811 -1.363
-5.346 8.623

9.495
0 0
-4.695 -1.720
-6.382 8.137

9.510
0 0
-4.553 -2.067
-7.395 7.521

9.525
0 0
-4.385 -2.402
-8.369 6.770

9.540
0 0
-4.193 -2.724
-9.285 5.883

9.555
0 0
-3.977 -3.030
-10.121 4.859

9.570
0 0
-3.739 -3.320
-10.856 3.705

9.585
0 0
-3.480 -3.591
-11.467 2.425

9.600
0 0
-3.201 -3.841
-11.932 1.034

9.615
0 0
-2.904 -4.070
-12.227 -0.454

9.630
0 0
-2.591 -4.276
-12.332 -2.018

9.645
0 0
-2.263 -4.459
-12.229 -3.632

9.660
0 0
-1.923 -4.616
-11.901 -5.266

9.675
0 0
-1.571 -4.747
-11.340 -6.887

9.690
0 0
-1.211 -4.851
-10.538 -8.458

9.705
0 0
-0.844 -4.928
-9.499 -9.939

9.720
0 0
-0.473 -4.978
-8.230 -11.289

9.735
0 0
-0.098 -4.999
-6.748 -12.468

9.750
0 0
0.276 -4.992
-5.079 -13.438

9.765
0 0
0.650 -4.958
-3.254 -14.164

9.780
0 0
1.019 -4.895
-1.312 -14.619

9.795
0 0
1.383 -4.805
0.700 -14.781

9.810
0 0
1.739 -4.688
2.733 -14.638

9.825
0 0
2.086 -4.544
4.736 -14.187

9.840
0 0
2.420 -4.375
6.656 -13.434

9.855
0 0
2.741 -4.181
8.442 -12.398

9.870
0 0
3.047 -3.964
10.049 -11.104

9.885
0 0
3.336 -3.725
11.436 -9.588

9.900
0 0
3.605 -3.464
12.572 -7.891

9.915
0 0
3.855 -3.185
13.432 -6.060

9.930
0 0
4.082 -2.887
14.003 -4.144

9.945
0 0
4.287 -2.573
14.280 -2.192

9.960
0 0
4.468 -2.244
14.268 -0.253

9.975
0 0
4.624 -1.903
13.979 1.629

9.990
0 0
4.753 -1.551
13.434 3.413

10.005
0 0
4.856 -1.191
12.659 5.063

10.020
0 0
4.932 -0.824
11.685 6.552

10.035
0 0
4.980 -0.452
10.544 7.857

10.050
0 0
4.999 -0.077
9.270 8.965

10.065
0 0
4.991 0.297
7.900 9.865

10.080
0 0
4.955 0.671
6.466 10.556

10.095
0 0
4.891 1.040
5.001 11.039

10.110
0 0
4.799 1.403
3.533 11.323

10.125
0 0
4.680 1.759
2.089 11.417

10.140
0 0
4.535 2.105
0.690 11.336

10.155
0 0
4.365 2.439
-0.642 11.095

10.170
0 0
4.170 2.759
-1.894 10.711

10.185
0 0
3.951 3.064
-3.052 10.202

10.200
0 0
3.711 3.351
-4.107 9.586

10.215
0 0
3.449 3.620
-5.054 8.882

10.230
0 0
3.168 3.868
-5.890 8.105

10.245
0 0
2.870 4.095
-6.612 7.274

10.260
0 0
2.555 4.298
-7.221 6.403

10.275
0 0
2.225 4.477
-7.722 5.506

10.290
0 0
1.884 4.632
-8.116 4.596

10.305
0 0
1.531 4.760
-8.411 3.684

10.320
0 0
1.170 4.861
-8.611 2.780

10.335
0 0
0.803 4.935
-8.723 1.893

10.350
0 0
0.431 4.981
-8.755 1.029

10.365
0 0
0.056 5.000
-8.714 0.195

10.380
0 0
-0.318 4.990
-8.607 -0.605

10.395
0 0
-0.691 4.952
-8.441 -1.368

10.410
0 0
-1.060 4.886
-8.224 -2.091

10.425
0 0
-1.424 4.793
-7.962 -2.773

10.440
0 0
-1.779 4.673
-7.663 -3.413

10.455
0 0
-2.124 4.526
-7.332 -4.011

10.470
0 0
-2.457 4.355
-6.974 -4.567

10.485
0 0
-2.776 4.158
-6.595 -5.084

10.500
0 0
-3.080 3.939
-6.199 -5.563

10.515
0 0
-3.367 3.697
-5.791 -6.005

10.530
0 0
-3.634 3.434
-5.374 -6.413

10.545
0 0
-3.881 3.152
-4.952 -6.791

10.560
0 0
-4.107 2.852
-4.526 -7.139

10.575
0 0
-4.309 2.537
-4.099 -7.461

10.590
0 0
-4.487 2.207
-3.673 -7.760

10.605
0 0
-4.639 1.864
-3.249 -8.039

10.620
0 0
-4.766 1.511
-2.827 -8.299

10.635
0 0
-4.866 1.150
-2.410 -8.544

10.650
0 0
-4.938 0.782
-1.996 -8.775

10.665
0 0
-4.983 0.410
-1.587 -8.996

10.680
0 0
-5.000 0.035
-1.182 -9.207

10.695
0 0
-4.988 -0.339
-0.781 -9.411

10.710
0 0
-4.949 -0.712
-0.383 -9.609

10.725
0 0
-4.882 -1.081
0.010 -9.803

10.740
0 0
-4.787 -1.444
0.401 -9.993

10.755
0 0
-4.665 -1.798
0.788 -10.180

10.770
0 0
-4.518 -2.143
1.173 -10.366

10.785
0 0
-4.344 -2.475
1.555 -10.550

10.800
0 0
-4.147 -2.794
1.934 -10.733

10.815
0 0
-3.926 -3.097
2.311 -10.914

10.830
0 0
-3.682 -3.382
2.684 -11.094

10.845
0 0
-3.419 -3.649
3.054 -11.271

10.860
0 0
-3.136 -3.895
3.420 -11.446

10.875
0 0
-2.835 -4.119
3.781 -11.617

10.890
0 0
-2.518 -4.319
4.136 -11.784

10.905
0 0
-2.188 -4.496
4.484 -11.945

10.920
0 0
-1.845 -4.647
4.824 -12.099

10.935
0 0
-1.491 -4.772
5.154 -12.245

10.950
0 0
-1.130 -4.871
5.474 -12.380

10.965
0 0
-0.761 -4.942
5.782 -12.504

10.980
0 0
-0.389 -4.985
6.076 -12.614

10.995
0 0
-0.014 -5.000
6.355 -12.709

11.010
0 0
0.360 -4.987
6.619 -12.786

11.025
0 0
0.733 -4.946
6.866 -12.845

11.040
0 0
1.102 -4.877
7.095 -12.882

11.055
0 0
1.464 -4.781
7.305 -12.898

11.070
0 0
1.818 -4.658
7.497 -12.889

11.085
0 0
2.162 -4.508
7.670 -12.855

11.100
0 0
2.494 -4.334
7.824 -12.794

11.115
0 0
2.811 -4.135
7.960 -12.707

11.130
0 0
3.113 -3.912
8.079 -12.593

11.145
0 0
3.398 -3.668
8.180 -12.451

11.160
0 0
3.663 -3.403
8.265 -12.281

11.175
0 0
3.908 -3.119
8.336 -12.086

11.190
0 0
4.130 -2.818
8.392 -11.864

11.205
0 0
4.330 -2.500
8.436 -11.618

11.220
0 0
4.505 -2.169
8.469 -11.350

11.235
0 0
4.655 -1.825
8.491 -11.060

11.250
0 0
4.779 -1.471
8.505 -10.751

11.265
0 0
4.875 -1.109
8.510 -10.425

11.280
0 0
4.945 -0.741
8.509 -10.084

11.295
0 0
4.986 -0.368
8.502 -9.730

11.310
0 0
5.000 0.007
8.490 -9.364

11.325
0 0
4.985 0.381
8.474 -8.990

11.340
0 0
4.943 0.754
8.455 -8.609

11.355
0 0
4.872 1.122
8.432 -8.223

11.370
0 0
4.775 1.484
8.408 -7.833

11.385
0 0
4.650 1.838
8.381 -7.440

11.400
0 0
4.499 2.181
8.353 -7.047

11.415
0 0
4.323 2.512
8.324 -6.653

11.430
0 0
4.123 2.829
8.295 -6.260

11.445
0 0
3.899 3.130
8.265 -5.867

11.460
0 0
3.654 3.413
8.234 -5.476

11.475
0 0
3.388 3.677
8.203 -5.087

11.490
0 0
3.103 3.921
8.172 -4.699

11.505
0 0
2.800 4.142
8.141 -4.312

11.520
0 0
2.482 4.340
8.108 -3.927

11.535
0 0
2.150 4.514
8.075 -3.542

11.550
0 0
1.806 4.663
8.039 -3.157

11.565
0 0
1.451 4.785
8.002 -2.771

11.580
0 0
1.089 4.880
7.961 -2.384

11.595
0 0
0.720 4.948
7.917 -1.995

11.610
0 0
0.347 4.988
7.867 -1.603

11.625
0 0
-0.028 5.000
7.812 -1.209

11.640
0 0
-0.402 4.984
7.748 -0.810

11.655
0 0
-0.775 4.940
7.676 -0.407

11.670
0 0
-1.142 4.868
7.593 0.000

11.685
0 0
-1.504 4.768
7.497 0.412

11.700
0 0
-1.857 4.642
7.387 0.829

11.715
0 0
-2.200 4.490
7.261 1.250

11.730
0 0
-2.530 4.313
7.116 1.675

11.745
0 0
-2.846 4.111
6.950 2.104

11.760
0 0
-3.146 3.886
6.762 2.535

11.775
0 0
-3.428 3.640
6.549 2.967

11.790
0 0
-3.691 3.372
6.309 3.399

11.805
0 0
-3.934 3.086
6.039 3.828

11.820
0 0
-4.154 2.783
5.737 4.252

11.835
0 0
-4.351 2.464
5.403 4.670

11.850
0 0
-4.523 2.131
5.033 5.077

11.865
0 0
-4.670 1.786
4.626 5.470

11.880
0 0
-4.791 1.431
4.182 5.846

11.895
0 0
-4.885 1.068
3.698 6.201

11.910
0 0
-4.951 0.699
3.174 6.529

11.925
0 0
-4.989 0.326
2.610 6.826

11.940
0 0
-5.000 -0.049
2.007 7.086

11.955
0 0
-4.982 -0.423
1.364 7.305

11.970
0 0
-4.936 -0.795
0.684 7.476

11.985
0 0
-4.863 -1.163
-0.031 7.592

12.000
0 0
-4.762 -1.524
-0.778 7.648

12.015
0 0
-4.634 -1.877
-1.553 7.637

12.030
0 0
-4.481 -2.219
-2.351 7.552

12.045
0 0
-4.302 -2.548
-3.166 7.387

12.060
0 0
-4.099 -2.863
-3.990 7.136

12.075
0 0
-3.873 -3.162
-4.815 6.793

12.090
0 0
-3.625 -3.444
-5.631 6.353

12.105
0 0
-3.357 -3.706
-6.427 5.812

12.120
0 0
-3.070 -3.947
-7.189 5.166

12.135
0 0
-2.765 -4.166
-7.904 4.413

12.150
0 0
-2.445 -4.361
-8.556 3.555

12.165
0 0
-2.112 -4.532
-9.130 2.592

12.180
0 0
-1.766 -4.678
-9.607 1.530

12.195
0 0
-1.411 -4.797
-9.970 0.375

12.210
0 0
-1.047 -4.889
-10.200 -0.861

12.225
0 0
-0.678 -4.954
-10.282 -2.166

12.240
0 0
-0.305 -4.991
-10.196 -3.520

12.255
0 0
0.070 -5.000
-9.930 -4.903

12.270
0 0
0.444 -4.980
-9.470 -6.290

12.285
0 0
0.816 -4.933
-8.807 -7.653

12.300
0 0
1.183 -4.858
-7.937 -8.958

12.315
0 0
1.544 -4.756
-6.861 -10.173

12.330
0 0
1.896 -4.627
-5.586 -11.261

12.345
0 0
2.237 -4.471
-4.125 -12.186

12.360
0 0
2.566 -4.291
-2.499 -12.914

12.375
0 0
2.880 -4.087
-0.736 -13.410

12.390
0 0
3.179 -3.860
1.127 -13.647

12.405
0 0
3.459 -3.611
3.051 -13.602

12.420
0 0
3.720 -3.341
4.986 -13.261

12.435
0 0
3.960 -3.053
6.883 -12.616

12.450
0 0
4.177 -2.748
8.687 -11.673

12.465
0 0
4.371 -2.427
10.347 -10.446

12.480
0 0
4.541 -2.093
11.811 -8.959

12.495
0 0
4.685 -1.747
13.036 -7.247

12.510
0 0
4.803 -1.391
13.984 -5.354

12.525
0 0
4.893 -1.027
14.624 -3.331

12.540
0 0
4.957 -0.657
14.940 -1.232

12.555
0 0
4.992 -0.284
14.924 0.884

12.570
0 0
4.999 0.091
14.579 2.959

12.585
0 0
4.978 0.465
13.921 4.940

12.600
0 0
4.929 0.837
12.976 6.774

12.615
0 0
4.853 1.204
11.776 8.420

12.630
0 0
4.749 1.564
10.361 9.841

12.645
0 0
4.619 1.915
8.777 11.010

12.660
0 0
4.462 2.256
7.070 11.910

12.675
0 0
4.280 2.584
5.288 12.533

12.690
0 0
4.075 2.898
3.478 12.880

12.705
0 0
3.846 3.195
1.684 12.958

12.720
0 0
3.596 3.474
-0.056 12.783

12.735
0 0
3.326 3.734
-1.706 12.376

12.750
0 0
3.036 3.972
-3.236 11.760

12.765
0 0
2.730 4.189
-4.624 10.965

12.780
0 0
2.409 4.382
-5.851 10.019

12.795
0 0
2.074 4.550
-6.905 8.952

12.810
0 0
1.727 4.692
-7.780 7.794

12.825
0 0
1.370 4.809
-8.472 6.575

12.840
0 0
1.006 4.898
-8.985 5.321

12.855
0 0
0.637 4.959
-9.323 4.058

12.870
0 0
0.263 4.993
-9.495 2.807

12.885
0 0
-0.112 4.999
-9.512 1.589

12.900
0 0
-0.486 4.976
-9.387 0.420

12.915
0 0
-0.857 4.926
-9.134 -0.686

12.930
0 0
-1.224 4.848
-8.768 -1.717

12.945
0 0
-1.584 4.742
-8.302 -2.664

12.960
0 0
-1.935 4.610
-7.754 -3.522

12.975
0 0
-2.275 4.453
-7.137 -4.286

12.990
0 0
-2.602 4.270
-6.466 -4.954

13.005
0 0
-2.915 4.063
-5.753 -5.526

13.020
0 0
-3.211 3.833
-5.012 -6.004

13.035
0 0
-3.489 3.581
-4.254 -6.389

13.050
0 0
-3.748 3.310
-3.489 -6.687

13.065
0 0
-3.985 3.020
-2.727 -6.901

13.080
0 0
-4.200 2.713
-1.975 -7.037

13.095
0 0
-4.392 2.390
-1.240 -7.100

13.110
0 0
-4.558 2.055
-0.528 -7.097

13.125
0 0
-4.700 1.707
0.157 -7.034

13.140
0 0
-4.814 1.350
0.810 -6.918

13.155
0 0
-4.902 0.986
1.430 -6.755

13.170
0 0
-4.962 0.616
2.013 -6.550

13.185
0 0
-4.994 0.242
2.560 -6.310

13.200
0 0
-4.998 -0.133
3.070 -6.041

13.215
0 0
-4.974 -0.507
3.543 -5.747

13.230
0 0
-4.922 -0.878
3.980 -5.433

13.245
0 0
-4.843 -1.245
4.383 -5.104

13.260
0 0
-4.736 -1.604
4.752 -4.764

13.275
0 0
-4.602 -1.954
5.090 -4.415

13.290
0 0
-4.443 -2.294
5.399 -4.062

13.305
0 0
-4.259 -2.620
5.682 -3.707

13.320
0 0
-4.050 -2.932
5.941 -3.351

13.335
0 0
-3.819 -3.227
6.178 -2.997

13.350
0 0
-3.567 -3.504
6.396 -2.645

13.365
0 0
-3.294 -3.762
6.598 -2.298

13.380
0 0
-3.003 -3.998
6.786 -1.955

13.395
0 0
-2.695 -4.212
6.962 -1.617

13.410
0 0
-2.372 -4.402
7.130 -1.283

13.425
0 0
-2.035 -4.567
7.290 -0.955

13.440
0 0
-1.687 -4.707
7.444 -0.631

13.455
0 0
-1.330 -4.820
7.596 -0.311

13.470
0 0
-0.965 -4.906
7.745 0.006

13.485
0 0
-0.595 -4.964
7.895 0.320

13.500
0 0
-0.221 -4.995
8.045 0.632

13.515
0 0
0.154 -4.998
8.198 0.943

13.530
0 0
0.528 -4.972
8.353 1.254

13.545
0 0
0.899 -4.919
8.512 1.566

13.560
0 0
1.265 -4.837
8.675 1.878

13.575
0 0
1.624 -4.729
8.842 2.192

13.590
0 0
1.974 -4.594
9.014 2.508

13.605
0 0
2.312 -4.433
9.190 2.826

13.620
0 0
2.638 -4.248
9.371 3.146

13.635
0 0
2.949 -4.038
9.556 3.469

13.650
0 0
3.243 -3.806
9.744 3.793

13.665
0 0
3.519 -3.552
9.935 4.118

13.680
0 0
3.775 -3.278
10.129 4.444

13.695
0 0
4.010 -2.986
10.324 4.769

13.710
0 0
4.223 -2.677
10.519 5.092

13.725
0 0
4.412 -2.353
10.713 5.411

13.740
0 0
4.576 -2.016
10.905 5.726

13.755
0 0
4.714 -1.668
11.093 6.033

13.770
0 0
4.825 -1.310
11.275 6.332

13.785
0 0
4.910 -0.944
11.450 6.620

13.800
0 0
4.967 -0.574
11.616 6.896

13.815
0 0
4.996 -0.200
11.770 7.156

13.830
0 0
4.997 0.175
11.911 7.400

13.845
0 0
4.970 0.549
12.036 7.625

13.860
0 0
4.915 0.920
12.143 7.830

13.875
0 0
4.832 1.285
12.230 8.014

13.890
0 0
4.722 1.644
12.295 8.175

13.905
0 0
4.586 1.993
12.335 8.313

13.920
0 0
4.423 2.331
12.349 8.429

13.935
0 0
4.236 2.656
12.336 8.520

13.950
0 0
4.025 2.966
12.294 8.589

13.965
0 0
3.792 3.259
12.223 8.636

13.980
0 0
3.537 3.534
12.122 8.662

13.995
0 0
3.262 3.789
11.992 8.667

14.010
0 0
2.969 4.023
11.832 8.654

14.025
0 0
2.659 4.234
11.644 8.625

14.040
0 0
2.335 4.421
11.429 8.579

14.055
0 0
1.997 4.584
11.189 8.520

14.070
0 0
1.648 4.721
10.927 8.449

14.085
0 0
1.289 4.831
10.643 8.368

14.100
0 0
0.924 4.914
10.341 8.277

14.115
0 0
0.553 4.969
10.024 8.178

14.130
0 0
0.179 4.997
9.694 8.073

14.145
0 0
-0.196 4.996
9.354 7.962

14.160
0 0
-0.570 4.967
9.007 7.847

14.175
0 0
-0.940 4.911
8.655 7.728

14.190
0 0
-1.306 4.827
8.300 7.607

14.205
0 0
-1.664 4.715
7.946 7.483

14.220
0 0
-2.012 4.577
7.594 7.357

14.235
0 0
-2.349 4.414
7.246 7.231

14.250
0 0
-2.674 4.225
6.903 7.104

14.265
0 0
-2.983 4.013
6.568 6.977

14.280
0 0
-3.275 3.778
6.241 6.851

14.295
0 0
-3.549 3.522
5.924 6.725

14.310
0 0
-3.803 3.246
5.618 6.601

14.325
0 0
-4.035 2.952
5.322 6.479

14.340
0 0
-4.245 2.642
5.038 6.358

14.355
0 0
-4.431 2.316
4.766 6.241

14.370
0 0
-4.592 1.978
4.507 6.126

14.385
0 0
-4.728 1.628
4.259 6.015

14.400
0 0
-4.836 1.269
4.023 5.907

14.415
0 0
-4.918 0.903
3.799 5.804

14.430
0 0
-4.972 0.532
3.587 5.704

14.445
0 0
-4.997 0.158
3.386 5.610

14.460
0 0
-4.995 -0.217
3.196 5.520

14.475
0 0
-4.965 -0.590
3.016 5.435

14.490
0 0
-4.907 -0.961
2.846 5.355

14.505
0 0
-4.821 -1.326
2.686 5.281

14.520
0 0
-4.708 -1.683
2.534 5.212

14.535
0 0
-4.569 -2.031
2.391 5.149

14.550
0 0
-4.404 -2.368
2.256 5.092

14.565
0 0
-4.214 -2.691
2.128 5.041

14.580
0 0
-4.000 -2.999
2.007 4.995

14.595
0 0
-3.764 -3.291
1.892 4.956

14.610
0 0
-3.507 -3.564
1.783 4.923

14.625
0 0
-3.230 -3.816
1.679 4.895

14.640
0 0
-2.935 -4.048
1.580 4.875

14.655
0 0
-2.624 -4.256
1.486 4.860

14.670
0 0
-2.297 -4.441
1.396 4.852

14.685
0 0
-1.958 -4.601
1.310 4.850

14.700
0 0
-1.608 -4.734
1.226 4.856

14.715
0 0
-1.249 -4.842
1.146 4.868

14.730
0 0
-0.882 -4.922
1.068 4.886

14.745
0 0
-0.511 -4.974
0.992 4.913

14.760
0 0
-0.137 -4.998
0.917 4.946

14.775
0 0
0.238 -4.994
0.844 4.987

14.790
0 0
0.611 -4.962
0.772 5.036

14.805
0 0
0.981 -4.903
0.700 5.093

14.820
0 0
1.346 -4.815
0.628 5.159

14.835
0 0
1.703 -4.701
0.555 5.233

14.850
0 0
2.051 -4.560
0.482 5.316

14.865
0 0
2.386 -4.394
0.406 5.408

14.880
0 0
2.709 -4.203
0.329 5.510

14.895
0 0
3.016 -3.988
0.248 5.622

14.910
0 0
3.307 -3.751
0.165 5.743

14.925
0 0
3.578 -3.492
0.077 5.875

14.940
0 0
3.830 -3.214
-0.015 6.017

14.955
0 0
4.060 -2.918
-0.112 6.170

14.970
0 0
4.267 -2.606
-0.215 6.334

14.985
0 0
4.451 -2.279
-0.324 6.508

15.000
0 0
4.609 -1.939
-0.440 6.693

15.015
0 0
4.741 -1.588
-0.563 6.889

15.030
0 0
4.847 -1.228
-0.694 7.096

15.045
0 0
4.925 -0.862
-0.834 7.313

15.060
0 0
4.976 -0.490
-0.982 7.541

15.075
0 0
4.999 -0.116
-1.139 7.779

15.090
0 0
4.993 0.259
-1.305 8.026

15.105
0 0
4.960 0.632
-1.480 8.283

15.120
0 0
4.899 1.002
-1.663 8.548

15.135
0 0
4.810 1.366
-1.856 8.821

15.150
0 0
4.694 1.723
-2.056 9.101

15.165
0 0
4.552 2.070
-2.264 9.387

15.180
0 0
4.384 2.405
-2.479 9.678

15.195
0 0
4.191 2.727
-2.699 9.974

15.210
0 0
3.975 3.033
-2.924 10.272

15.225
0 0
3.737 3.322
-3.152 10.571

15.240
0 0
3.477 3.593
-3.382 10.870

15.255
0 0
3.198 3.843
-3.612 11.166

15.270
0 0
2.901 4.072
-3.840 11.458

15.285
0 0
2.588 4.278
-4.064 11.745

15.300
0 0
2.260 4.460
-4.283 12.022

15.315
0 0
1.920 4.617
-4.494 12.289

15.330
0 0
1.568 4.748
-4.696 12.542

15.345
0 0
1.208 4.852
-4.887 12.779

15.360
0 0
0.841 4.929
-5.066 12.998

15.375
0 0
0.469 4.978
-5.230 13.195

15.390
0 0
0.095 4.999
-5.379 13.367

15.405
0 0
-0.280 4.992
-5.513 13.514

15.420
0 0
-0.653 4.957
-5.630 13.631

15.435
0 0
-1.023 4.894
-5.731 13.717

15.450
0 0
-1.386 4.804
-5.815 13.770

15.465
0 0
-1.743 4.687
-5.883 13.789

15.480
0 0
-2.089 4.543
-5.937 13.773

15.495
0 0
-2.423 4.373
-5.977 13.721

15.510
0 0
-2.744 4.180
-6.004 13.634

15.525
0 0
-3.050 3.962
-6.019 13.511

15.540
0 0
-3.338 3.723
-6.025 13.355

15.555
0 0
-3.608 3.462
-6.022 13.166

15.570
0 0
-3.857 3.182
-6.012 12.947

15.585
0 0
-4.084 2.884
-5.996 12.700

15.600
0 0
-4.289 2.570
-5.976 12.427

15.615
0 0
-4.470 2.241
-5.952 12.131

15.630
0 0
-4.625 1.900
-5.926 11.815

15.645
0 0
-4.754 1.548
-5.897 11.483

15.660
0 0
-4.857 1.188
-5.867 11.136

15.675
0 0
-4.932 0.820
-5.836 10.779

15.690
0 0
-4.980 0.448
-5.805 10.414

15.705
0 0
-4.999 0.074
-5.773 10.044

15.720
0 0
-4.991 -0.301
-5.742 9.671

15.735
0 0
-4.954 -0.674
-5.710 9.298

15.750
0 0
-4.890 -1.043
-5.679 8.926

15.765
0 0
-4.798 -1.407
-5.649 8.557

15.780
0 0
-4.679 -1.762
-5.619 8.194

15.795
0 0
-4.534 -2.108
-5.589 7.836

15.810
0 0
-4.363 -2.442
-5.561 7.486

15.825
0 0
-4.168 -2.762
-5.535 7.144

15.840
0 0
-3.949 -3.066
-5.509 6.811

15.855
0 0
-3.709 -3.354
-5.486 6.487

15.870
0 0
-3.447 -3.622
-5.465 6.172

15.885
0 0
-3.166 -3.870
-5.446 5.866

15.900
0 0
-2.867 -4.096
-5.429 5.570

15.915
0 0
-2.552 -4.300
-5.416 5.281

15.930
0 0
-2.222 -4.479
-5.406 5.001

15.945
0 0
-1.881 -4.633
-5.399 4.728

15.960
0 0
-1.528 -4.761
-5.395 4.462

15.975
0 0
-1.167 -4.862
-5.394 4.201

15.990
0 0
-0.800 -4.936
-5.397 3.945

16.005
0 0
-0.428 -4.982
-5.403 3.693

16.020
0 0
-0.053 -5.000
-5.411 3.443

16.035
0 0
0.322 -4.990
-5.423 3.196

16.050
0 0
0.695 -4.952
-5.436 2.949

16.065
0 0
1.064 -4.886
-5.450 2.702

16.080
0 0
1.427 -4.792
-5.465 2.453

16.095
0 0
1.782 -4.672
-5.480 2.203

16.110
0 0
2.127 -4.525
-5.494 1.949

16.125
0 0
2.460 -4.353
-5.506 1.692

16.140
0 0
2.779 -4.156
-5.515 1.429

16.155
0 0
3.083 -3.936
-5.520 1.162

16.170
0 0
3.369 -3.694
-5.518 0.890

16.185
0 0
3.637 -3.432
-5.510 0.611

16.200
0 0
3.883 -3.149
-5.493 0.327

16.215
0 0
4.108 -2.850
-5.466 0.037

16.230
0 0
4.310 -2.534
-5.427 -0.259

16.245
0 0
4.488 -2.204
-5.376 -0.559

16.260
0 0
4.641 -1.861
-5.309 -0.864

16.275
0 0
4.767 -1.508
-5.227 -1.173

16.290
0 0
4.867 -1.147
-5.128 -1.485

16.305
0 0
4.939 -0.779
-5.009 -1.798

16.320
0 0
4.983 -0.407
-4.870 -2.111

16.335
0 0
5.000 -0.032
-4.710 -2.422

16.350
0 0
4.988 0.343
-4.528 -2.730

16.365
0 0
4.949 0.715
-4.323 -3.032

16.380
0 0
4.881 1.084
-4.093 -3.327

16.395
0 0
4.786 1.447
-3.840 -3.612

16.410
0 0
4.664 1.802
-3.562 -3.885

16.425
0 0
4.516 2.146
-3.259 -4.142

16.440
0 0
4.343 2.478
-2.933 -4.383

16.455
0 0
4.145 2.797
-2.582 -4.602

16.470
0 0
3.923 3.099
-2.209 -4.799

16.485
0 0
3.680 3.385
-1.815 -4.970

16.500
0 0
3.416 3.651
-1.400 -5.113

16.515
0 0
3.133 3.897
-0.968 -5.224

16.530
0 0
2.832 4.120
-0.519 -5.301

16.545
0 0
2.516 4.321
-0.057 -5.342

16.560
0 0
2.185 4.497
0.416 -5.345

16.575
0 0
1.842 4.648
0.897 -5.307

16.590
0 0
1.488 4.773
1.381 -5.226

16.605
0 0
1.126 4.871
1.866 -5.101

16.620
0 0
0.758 4.942
2.347 -4.931

16.635
0 0
0.386 4.985
2.820 -4.714

16.650
0 0
0.011 5.000
3.281 -4.450

16.665
0 0
-0.364 4.987
3.724 -4.140

16.680
0 0
-0.736 4.945
4.145 -3.782

16.695
0 0
-1.105 4.876
4.539 -3.379

16.710
0 0
-1.467 4.780
4.901 -2.931

16.725
0 0
-1.821 4.657
5.225 -2.439

16.740
0 0
-2.165 4.507
5.506 -1.908

16.755
0 0
-2.497 4.332
5.740 -1.339

16.770
0 0
-2.814 4.133
5.921 -0.735

16.785
0 0
-3.116 3.910
6.044 -0.102

16.800
0 0
-3.400 3.666
6.104 0.556

16.815
0 0
-3.665 3.401
6.097 1.233

16.830
0 0
-3.910 3.117
6.019 1.924

16.845
0 0
-4.132 2.815
5.866 2.622

16.860
0 0
-4.332 2.497
5.635 3.318

16.875
0 0
-4.507 2.166
5.323 4.006

16.890
0 0
-4.656 1.822
4.928 4.676

16.905
0 0
-4.780 1.468
4.450 5.318

16.920
0 0
-4.876 1.106
3.887 5.923

16.935
0 0
-4.945 0.737
3.242 6.480

16.950
0 0
-4.987 0.365
2.515 6.977

16.965
0 0
-5.000 -0.010
1.711 7.404

16.980
0 0
-4.985 -0.385
0.834 7.748

16.995
0 0
-4.942 -0.757
-0.108 7.997

17.010
0 0
-4.872 -1.125
-1.108 8.140

17.025
0 0
-4.774 -1.487
-2.155 8.164

17.040
0 0
-4.649 -1.841
-3.236 8.059

17.055
0 0
-4.498 -2.184
-4.337 7.815

17.070
0 0
-4.322 -2.515
-5.439 7.423

17.085
0 0
-4.121 -2.831
-6.524 6.875

17.100
0 0
-3.897 -3.132
-7.570 6.169

17.115
0 0
-3.652 -3.415
-8.553 5.301

17.130
0 0
-3.385 -3.680
-9.447 4.274

17.145
0 0
-3.100 -3.923
-10.226 3.093

17.160
0 0
-2.798 -4.144
-10.861 1.770

17.175
0 0
-2.479 -4.342
-11.326 0.320

17.190
0 0
-2.147 -4.516
-11.594 -1.236

17.205
0 0
-1.802 -4.664
-11.640 -2.870

17.220
0 0
-1.448 -4.786
-11.445 -4.550

17.235
0 0
-1.085 -4.881
-10.993 -6.239

17.250
0 0
-0.717 -4.948
-10.273 -7.892

17.265
0 0
-0.344 -4.988
-9.285 -9.465

17.280
0 0
0.031 -5.000
-8.036 -10.909

17.295
0 0
0.406 -4.984
-6.542 -12.176

17.310
0 0
0.778 -4.939
-4.830 -13.219

17.325
0 0
1.146 -4.867
-2.937 -13.996

17.340
0 0
1.507 -4.767
-0.908 -14.471

17.355
0 0
1.860 -4.641
1.204 -14.620

17.370
0 0
2.203 -4.489
3.338 -14.424

17.385
0 0
2.533 -4.311
5.432 -13.881

17.400
0 0
2.849 -4.109
7.424 -13.001

17.415
0 0
3.149 -3.884
9.252 -11.805

17.430
0 0
3.431 -3.637
10.863 -10.328

17.445
0 0
3.694 -3.370
12.209 -8.613

17.460
0 0
3.936 -3.084
13.253 -6.715

17.475
0 0
4.156 -2.780
13.971 -4.691

17.490
0 0
4.352 -2.461
14.351 -2.603

17.505
0 0
4.525 -2.128
14.393 -0.512

17.520
0 0
4.671 -1.783
14.108 1.525

17.535
0 0
4.792 -1.428
13.520 3.453

17.550
0 0
4.885 -1.065
12.657 5.228

17.565
0 0
4.951 -0.696
11.560 6.810

17.580
0 0
4.990 -0.323
10.268 8.170

17.595
0 0
5.000 0.052
8.828 9.290

17.610
0 0
4.982 0.427
7.283 10.158

17.625
0 0
4.936 0.799
5.678 10.771

17.640
0 0
4.862 1.166
4.055 11.134

17.655
0 0
4.761 1.527
2.450 11.256

17.670
0 0
4.633 1.880
0.897 11.156

17.685
0 0
4.479 2.222
-0.574 10.851

17.700
0 0
4.300 2.551
-1.941 10.364

17.715
0 0
4.097 2.866
-3.184 9.721

17.730
0 0
3.871 3.165
-4.290 8.945

17.745
0 0
3.623 3.446
-5.248 8.063

17.760
0 0
3.354 3.708
-6.053 7.099

17.775
0 0
3.067 3.949
-6.704 6.077

17.790
0 0
2.763 4.167
-7.201 5.019

17.805
0 0
2.443 4.363
-7.549 3.947

17.820
0 0
2.109 4.534
-7.753 2.878

17.835
0 0
1.763 4.679
-7.822 1.830

17.850
0 0
1.408 4.798
-7.766 0.817

17.865
0 0
1.044 4.890
-7.594 -0.148

17.880
0 0
0.675 4.954
-7.319 -1.054

17.895
0 0
0.302 4.991
-6.951 -1.894

17.910
0 0
-0.073 4.999
-6.504 -2.659

17.925
0 0
-0.447 4.980
-5.988 -3.345

17.940
0 0
-0.819 4.932
-5.416 -3.948

17.955
0 0
-1.187 4.857
-4.800 -4.467

17.970
0 0
-1.547 4.755
-4.149 -4.901

17.985
0 0
-1.899 4.625
-3.476 -5.250

18.000
0 0
-2.240 4.470
-2.789 -5.515

18.015
0 0
-2.569 4.290
-2.098 -5.699

18.030
0 0
-2.883 4.085
-1.410 -5.806

18.045
0 0
-3.181 3.857
-0.735 -5.839

18.060
0 0
-3.461 3.608
-0.077 -5.802

18.075
0 0
-3.722 3.339
0.556 -5.700

18.090
0 0
-3.962 3.051
1.159 -5.539

18.105
0 0
-4.179 2.745
1.729 -5.323

18.120
0 0
-4.373 2.424
2.260 -5.059

18.135
0 0
-4.542 2.090
2.752 -4.751

18.150
0 0
-4.686 1.744
3.200 -4.406

18.165
0 0
-4.804 1.387
3.603 -4.028

18.180
0 0
-4.894 1.024
3.961 -3.623

18.195
0 0
-4.957 0.654
4.272 -3.196

18.210
0 0
-4.992 0.281
4.537 -2.753

18.225
0 0
-4.999 -0.094
4.755 -2.297

18.240
0 0
-4.978 -0.468
4.928 -1.833

18.255
0 0
-4.929 -0.840
5.057 -1.366

18.270
0 0
-4.852 -1.207
5.143 -0.899

18.285
0 0
-4.748 -1.567
5.188 -0.435

18.300
0 0
-4.617 -1.919
5.193 0.021

18.315
0 0
-4.461 -2.259
5.161 0.468

18.330
0 0
-4.279 -2.587
5.093 0.902

18.345
0 0
-4.073 -2.900
4.992 1.321

18.360
0 0
-3.844 -3.197
4.861 1.724

18.375
0 0
-3.594 -3.476
4.702 2.108

18.390
0 0
-3.323 -3.736
4.517 2.472

18.405
0 0
-3.034 -3.974
4.308 2.815

18.420
0 0
-2.727 -4.191
4.078 3.136

18.435
0 0
-2.406 -4.383
3.830 3.435

18.450
0 0
-2.071 -4.551
3.565 3.710

18.465
0 0
-1.724 -4.693
3.285 3.962

18.480
0 0
-1.367 -4.809
2.994 4.189

18.495
0 0
-1.003 -4.898
2.692 4.394

18.510
0 0
-0.633 -4.960
2.383 4.575

18.525
0 0
-0.260 -4.993
2.067 4.732

18.540
0 0
0.115 -4.999
1.746 4.867

18.555
0 0
0.489 -4.976
1.422 4.980

18.570
0 0
0.861 -4.925
1.097 5.072

18.585
0 0
1.227 -4.847
0.772 5.143

18.600
0 0
1.587 -4.741
0.447 5.193

18.615
0 0
1.938 -4.609
0.125 5.225

18.630
0 0
2.278 -4.451
-0.194 5.239

18.645
0 0
2.605 -4.268
-0.509 5.235

18.660
0 0
2.917 -4.061
-0.819 5.215

18.675
0 0
3.213 -3.831
-1.124 5.180

18.690
0 0
3.491 -3.579
-1.423 5.130

18.705
0 0
3.750 -3.307
-1.715 5.067

18.720
0 0
3.987 -3.017
-2.000 4.993

18.735
0 0
4.202 -2.710
-2.278 4.906

18.750
0 0
4.393 -2.387
-2.549 4.810

18.765
0 0
4.560 -2.051
-2.813 4.704

18.780
0 0
4.701 -1.704
-3.070 4.590

18.795
0 0
4.815 -1.347
-3.320 4.468

18.810
0 0
4.903 -0.982
-3.563 4.340

18.825
0 0
4.962 -0.612
-3.801 4.206

18.840
0 0
4.994 -0.239
-4.032 4.066

18.855
0 0
4.998 0.136
-4.257 3.922

18.870
0 0
4.974 0.510
-4.478 3.774

18.885
0 0
4.922 0.881
-4.695 3.623

18.900
0 0
4.842 1.248
-4.908 3.469

18.915
0 0
4.735 1.607
-5.119 3.312

18.930
0 0
4.601 1.957
-5.327 3.152

18.945
0 0
4.441 2.297
-5.534 2.991

18.960
0 0
4.257 2.623
-5.741 2.827

18.975
0 0
4.048 2.934
-5.948 2.662

18.990
0 0
3.817 3.230
-6.156 2.494

19.005
0 0
3.564 3.507
-6.366 2.325

19.020
0 0
3.292 3.764
-6.578 2.153

19.035
0 0
3.000 4.000
-6.793 1.978

19.050
0 0
2.692 4.213
-7.012 1.801

19.065
0 0
2.369 4.403
-7.236 1.620

19.080
0 0
2.032 4.568
-7.465 1.437

19.095
0 0
1.684 4.708
-7.698 1.249

19.110
0 0
1.327 4.821
-7.938 1.057

19.125
0 0
0.962 4.907
-8.183 0.861

19.140
0 0
0.591 4.965
-8.435 0.660

19.155
0 0
0.218 4.995
-8.692 0.455

19.170
0 0
-0.157 4.998
-8.955 0.244

19.185
0 0
-0.531 4.972
-9.224 0.028

19.200
0 0
-0.902 4.918
-9.497 -0.193

19.215
0 0
-1.268 4.837
-9.776 -0.419

19.230
0 0
-1.627 4.728
-10.058 -0.649

19.245
0 0
-1.977 4.593
-10.344 -0.883

19.260
0 0
-2.315 4.432
-10.632 -1.121

19.275
0 0
-2.641 4.246
-10.920 -1.362

19.290
0 0
-2.951 4.036
-11.209 -1.605

19.305
0 0
-3.246 3.803
-11.495 -1.848

19.320
0 0
-3.521 3.550
-11.778 -2.092

19.335
0 0
-3.778 3.276
-12.056 -2.334

19.350
0 0
-4.012 2.983
-12.326 -2.574

19.365
0 0
-4.225 2.674
-12.587 -2.809

19.380
0 0
-4.413 2.350
-12.837 -3.039

19.395
0 0
-4.577 2.013
-13.072 -3.263

19.410
0 0
-4.715 1.664
-13.291 -3.478

19.425
0 0
-4.826 1.307
-13.491 -3.685

19.440
0 0
-4.911 0.941
-13.670 -3.882

19.455
0 0
-4.967 0.571
-13.826 -4.069

19.470
0 0
-4.996 0.197
-13.956 -4.244

19.485
0 0
-4.997 -0.178
-14.058 -4.408

19.500
0 0
-4.969 -0.552
-14.131 -4.560

19.515
0 0
-4.914 -0.923
-14.173 -4.701

19.530
0 0
-4.831 -1.288
-14.183 -4.831

19.545
0 0
-4.721 -1.647
-14.159 -4.951

19.560
0 0
-4.584 -1.996
-14.103 -5.062

19.575
0 0
-4.422 -2.334
-14.013 -5.164

19.590
0 0
-4.235 -2.659
-13.891 -5.258

19.605
0 0
-4.023 -2.968
-13.737 -5.346

19.620
0 0
-3.790 -3.262
-13.552 -5.429

19.635
0 0
-3.535 -3.536
-13.338 -5.508

19.650
0 0
-3.260 -3.791
-13.098 -5.583

19.665
0 0
-2.967 -4.025
-12.833 -5.656

19.680
0 0
-2.657 -4.236
-12.545 -5.728

19.695
0 0
-2.332 -4.423
-12.237 -5.798

19.710
0 0
-1.994 -4.585
-11.911 -5.868

19.725
0 0
-1.645 -4.722
-11.570 -5.939

19.740
0 0
-1.286 -4.832
-11.217 -6.009

19.755
0 0
-0.921 -4.915
-10.852 -6.081

19.770
0 0
-0.550 -4.970
-10.479 -6.154

19.785
0 0
-0.176 -4.997
-10.100 -6.229

19.800
0 0
0.199 -4.996
-9.715 -6.305

19.815
0 0
0.573 -4.967
-9.326 -6.382

19.830
0 0
0.943 -4.910
-8.935 -6.462

19.845
0 0
1.309 -4.826
-8.543 -6.543

19.860
0 0
1.667 -4.714
-8.149 -6.627

19.875
0 0
2.015 -4.576
-7.754 -6.713

19.890
0 0
2.352 -4.412
-7.358 -6.800

19.905
0 0
2.676 -4.223
-6.962 -6.890

19.920
0 0
2.985 -4.011
-6.563 -6.981

19.935
0 0
3.277 -3.776
-6.163 -7.074

19.950
0 0
3.551 -3.520
-5.759 -7.168

19.965
0 0
3.805 -3.244
-5.352 -7.263

19.980
0 0
4.037 -2.950
-4.939 -7.358

19.995
0 0
4.247 -2.639
-4.519 -7.451

20.010
0 0
4.433 -2.313
-4.091 -7.542

20.025
0 0
4.594 -1.975
-3.654 -7.630

20.040
0 0
4.729 -1.625
-3.205 -7.712

20.055
0 0
4.837 -1.266
-2.744 -7.787

20.070
0 0
4.918 -0.900
-2.270 -7.852

20.085
0 0
4.972 -0.529
-1.780 -7.905

20.100
0 0
4.998 -0.155
-1.275 -7.943

20.115
0 0
4.995 0.220
-0.753 -7.963

20.130
0 0
4.965 0.594
-0.215 -7.960

20.145
0 0
4.906 0.964
0.340 -7.933

20.160
0 0
4.820 1.329
0.912 -7.876

20.175
0 0
4.707 1.686
1.498 -7.785

20.190
0 0
4.567 2.034
2.098 -7.656

20.205
0 0
4.402 2.371
2.710 -7.485

20.220
0 0
4.212 2.694
3.329 -7.267

20.235
0 0
3.998 3.002
3.953 -6.998

20.250
0 0
3.762 3.293
4.578 -6.673

20.265
0 0
3.505 3.566
5.197 -6.290

20.280
0 0
3.228 3.819
5.805 -5.844

20.295
0 0
2.933 4.050
6.395 -5.332

20.310
0 0
2.621 4.258
6.958 -4.752

20.325
0 0
2.295 4.442
7.488 -4.103

20.340
0 0
1.955 4.602
7.973 -3.385

20.355
0 0
1.605 4.735
8.404 -2.597

20.370
0 0
1.246 4.842
8.771 -1.742

20.385
0 0
0.879 4.922
9.063 -0.824

20.400
0 0
0.508 4.974
9.269 0.152

20.415
0 0
0.134 4.998
9.376 1.180

20.430
0 0
-0.241 4.994
9.375 2.250

20.445
0 0
-0.615 4.962
9.255 3.352

20.460
0 0
-0.985 4.902
9.006 4.473

20.475
0 0
-1.349 4.815
8.620 5.597

20.490
0 0
-1.706 4.700
8.090 6.707

20.505
0 0
-2.054 4.559
7.412 7.784

20.520
0 0
-2.389 4.392
6.583 8.808

20.535
0 0
-2.712 4.201
5.604 9.755

20.550
0 0
-3.019 3.986
4.479 10.603

20.565
0 0
-3.309 3.748
3.216 11.326

20.580
0 0
-3.581 3.490
1.827 11.901

20.595
0 0
-3.832 3.212
0.330 12.304

20.610
0 0
-4.062 2.916
-1.255 12.513

20.625
0 0
-4.269 2.603
-2.901 12.509

20.640
0 0
-4.452 2.276
-4.579 12.275

20.655
0 0
-4.610 1.936
-6.253 11.800

20.670
0 0
-4.742 1.585
-7.887 11.078

20.685
0 0
-4.848 1.225
-9.439 10.109

20.700
0 0
-4.926 0.859
-10.869 8.901

20.715
0 0
-4.976 0.487
-12.135 7.470

20.730
0 0
-4.999 0.113
-13.198 5.838

20.745
0 0
-4.993 -0.262
-14.022 4.038

20.760
0 0
-4.959 -0.635
-14.576 2.106

20.775
0 0
-4.898 -1.005
-14.838 0.089

20.790
0 0
-4.809 -1.369
-14.791 -1.964

20.805
0 0
-4.693 -1.726
-14.430 -4.001

20.820
0 0
-4.550 -2.073
-13.760 -5.968

20.835
0 0
-4.382 -2.408
-12.795 -7.813

20.850
0 0
-4.189 -2.729
-11.560 -9.487

20.865
0 0
-3.973 -3.036
-10.089 -10.948

20.880
0 0
-3.734 -3.325
-8.422 -12.158

20.895
0 0
-3.475 -3.595
-6.607 -13.092

20.910
0 0
-3.196 -3.846
-4.693 -13.733

20.925
0 0
-2.898 -4.074
-2.733 -14.073

20.940
0 0
-2.585 -4.280
-0.777 -14.115

20.955
0 0
-2.257 -4.462
1.126 -13.872

20.970
0 0
-1.916 -4.618
2.934 -13.363

20.985
0 0
-1.565 -4.749
4.609 -12.615

21.000
0 0
-1.205 -4.853
6.120 -11.660

21.015
0 0
-0.838 -4.929
7.445 -10.533

21.030
0 0
-0.466 -4.978
8.566 -9.270

21.045
0 0
-0.092 -4.999
9.476 -7.908

21.060
0 0
0.283 -4.992
10.171 -6.483

21.075
0 0
0.656 -4.957
10.656 -5.027

21.090
0 0
1.026 -4.894
10.938 -3.572

21.105
0 0
1.390 -4.803
11.030 -2.145

21.120
0 0
1.746 -4.685
10.946 -0.767

21.135
0 0
2.092 -4.541
10.704 0.541

21.150
0 0
2.426 -4.372
10.322 1.764

21.165
0 0
2.747 -4.178
9.820 2.892

21.180
0 0
3.052 -3.960
9.215 3.915

21.195
0 0
3.340 -3.720
8.527 4.830

21.210
0 0
3.610 -3.460
7.772 5.633

21.225
0 0
3.859 -3.179
6.968 6.325

21.240
0 0
4.086 -2.881
6.129 6.908

21.255
0 0
4.291 -2.567
5.268 7.385

21.270
0 0
4.471 -2.238
4.398 7.761

21.285
0 0
4.626 -1.897
3.528 8.043

21.300
0 0
4.755 -1.545
2.668 8.235

21.315
0 0
4.858 -1.184
1.826 8.345

21.330
0 0
4.933 -0.817
1.006 8.380

21.345
0 0
4.980 -0.445
0.215 8.347

21.360
0 0
4.999 -0.071
-0.544 8.252

21.375
0 0
4.991 0.304
-1.268 8.104

21.390
0 0
4.954 0.677
-1.955 7.907

21.405
0 0
4.889 1.046
-2.604 7.669

21.420
0 0
4.797 1.410
-3.214 7.395

21.435
0 0
4.678 1.765
-3.787 7.090

21.450
0 0
4.533 2.111
-4.321 6.759

21.465
0 0
4.362 2.445
-4.820 6.408

21.480
0 0
4.166 2.765
-5.283 6.039

21.495
0 0
3.947 3.069
-5.712 5.656

21.510
0 0
3.706 3.356
-6.110 5.263

21.525
0 0
3.444 3.624
-6.479 4.863

21.540
0 0
3.163 3.872
-6.820 4.456

21.555
0 0
2.864 4.098
-7.136 4.047

21.570
0 0
2.549 4.301
-7.429 3.635

21.585
0 0
2.220 4.480
-7.701 3.223

21.600
0 0
1.878 4.634
-7.955 2.811

21.615
0 0
1.525 4.762
-8.192 2.400

21.630
0 0
1.164 4.863
-8.415 1.991

21.645
0 0
0.796 4.936
-8.625 1.583

21.660
0 0
0.424 4.982
-8.824 1.177

21.675
0 0
0.050 5.000
-9.013 0.773

21.690
0 0
-0.325 4.989
-9.195 0.371

21.705
0 0
-0.698 4.951
-9.369 -0.030

21.720
0 0
-1.067 4.885
-9.538 -0.430

21.735
0 0
-1.430 4.791
-9.702 -0.828

21.750
0 0
-1.785 4.671
-9.861 -1.226

21.765
0 0
-2.130 4.524
-10.017 -1.624

21.780
0 0
-2.463 4.351
-10.170 -2.020

21.795
0 0
-2.782 4.155
-10.320 -2.417

21.810
0 0
-3.086 3.934
-10.466 -2.813

21.825
0 0
-3.372 3.692
-10.610 -3.208

21.840
0 0
-3.639 3.429
-10.749 -3.602

21.855
0 0
-3.886 3.147
-10.886 -3.995

21.870
0 0
-4.110 2.847
-11.017 -4.385

21.885
0 0
-4.312 2.531
-11.144 -4.772

21.900
0 0
-4.490 2.201
-11.264 -5.155

21.915
0 0
-4.642 1.858
-11.378 -5.533

21.930
0 0
-4.768 1.505
-11.484 -5.905

21.945
0 0
-4.867 1.144
-11.580 -6.268

21.960
0 0
-4.939 0.776
-11.667 -6.623

21.975
0 0
-4.984 0.403
-11.741 -6.968

21.990
0 0
-5.000 0.029
-11.803 -7.300

22.005
0 0
-4.988 -0.346
-11.850 -7.620

22.020
0 0
-4.948 -0.719
-11.882 -7.925

22.035
0 0
-4.880 -1.088
-11.896 -8.214

22.050
0 0
-4.785 -1.450
-11.891 -8.486

22.065
0 0
-4.663 -1.805
-11.866 -8.741

22.080
0 0
-4.515 -2.149
-11.820 -8.978

22.095
0 0
-4.341 -2.481
-11.751 -9.196

22.110
0 0
-4.143 -2.799
-11.659 -9.396

22.125
0 0
-3.921 -3.102
-11.543 -9.576

22.140
0 0
-3.678 -3.387
-11.402 -9.738

22.155
0 0
-3.414 -3.653
-11.237 -9.882

22.170
0 0
-3.130 -3.899
-11.047 -10.008

22.185
0 0
-2.830 -4.122
-10.833 -10.118

22.200
0 0
-2.513 -4.323
-10.595 -10.212

22.215
0 0
-2.182 -4.499
-10.333 -10.291

22.230
0 0
-1.839 -4.650
-10.050 -10.357

22.245
0 0
-1.485 -4.774
-9.745 -10.411

22.260
0 0
-1.123 -4.872
-9.421 -10.453

22.275
0 0
-0.755 -4.943
-9.079 -10.485

22.290
0 0
-0.382 -4.985
-8.719 -10.507

22.305
0 0
-0.008 -5.000
-8.345 -10.522

22.320
0 0
0.367 -4.987
-7.956 -10.530

22.335
0 0
0.740 -4.945
-7.555 -10.531

22.350
0 0
1.108 -4.876
-7.142 -10.527

22.365
0 0
1.470 -4.779
-6.719 -10.518

22.380
0 0
1.824 -4.655
-6.287 -10.505

22.395
0 0
2.168 -4.506
-5.846 -10.487

22.410
0 0
2.499 -4.330
-5.397 -10.466

22.425
0 0
2.817 -4.131
-4.940 -10.442

22.440
0 0
3.118 -3.908
-4.477 -10.413

22.455
0 0
3.403 -3.664
-4.006 -10.381

22.470
0 0
3.668 -3.398
-3.527 -10.344

22.485
0 0
3.912 -3.114
-3.041 -10.301

22.500
0 0
4.134 -2.812
-2.547 -10.253

22.515
0 0
4.333 -2.495
-2.044 -10.197

22.530
0 0
4.508 -2.163
-1.532 -10.133

22.545
0 0
4.657 -1.819
-1.011 -10.058

22.560
0 0
4.781 -1.465
-0.479 -9.970

22.575
0 0
4.877 -1.103
0.063 -9.868

22.590
0 0
4.946 -0.734
0.616 -9.748

22.605
0 0
4.987 -0.361
1.180 -9.608

22.620
0 0
5.000 0.013
1.754 -9.445

22.635
0 0
4.985 0.388
2.338 -9.255

22.650
0 0
4.942 0.760
2.930 -9.035

22.665
0 0
4.871 1.129
3.531 -8.781

22.680
0 0
4.773 1.490
4.136 -8.489

22.695
0 0
4.648 1.844
4.744 -8.156

22.710
0 0
4.496 2.187
5.352 -7.777

22.725
0 0
4.320 2.518
5.955 -7.348

22.740
0 0
4.119 2.834
6.549 -6.866

22.755
0 0
3.895 3.135
7.129 -6.328

22.770
0 0
3.649 3.418
7.687 -5.731

22.785
0 0
3.383 3.682
8.217 -5.072

22.800
0 0
3.098 3.925
8.711 -4.351

22.815
0 0
2.795 4.146
9.161 -3.566

22.830
0 0
2.476 4.344
9.556 -2.719

22.845
0 0
2.144 4.517
9.888 -1.810

22.860
0 0
1.799 4.665
10.146 -0.843

22.875
0 0
1.445 4.787
10.319 0.177

22.890
0 0
1.082 4.882
10.397 1.245

22.905
0 0
0.713 4.949
10.370 2.351

22.920
0 0
0.340 4.988
10.227 3.486

22.935
0 0
-0.034 5.000
9.959 4.637

22.950
0 0
-0.409 4.983
9.558 5.791

22.965
0 0
-0.781 4.939
9.018 6.932

22.980
0 0
-1.149 4.866
8.334 8.040

22.995
0 0
-1.510 4.766
7.503 9.098

23.010
0 0
-1.863 4.640
6.526 10.082

23.025
0 0
-2.206 4.487
5.407 10.972

23.040
0 0
-2.536 4.309
4.152 11.744

23.055
0 0
-2.851 4.107
2.773 12.376

23.070
0 0
-3.151 3.882
1.285 12.844

23.085
0 0
-3.433 3.635
-0.293 13.129

23.100
0 0
-3.696 3.367
-1.937 13.212

23.115
0 0
-3.938 3.081
-3.619 13.076

23.130
0 0
-4.158 2.777
-5.309 12.711

23.145
0 0
-4.354 2.458
-6.971 12.110

23.160
0 0
-4.526 2.125
-8.569 11.271

23.175
0 0
-4.673 1.780
-10.066 10.201

23.190
0 0
-4.793 1.425
-11.423 8.910

23.205
0 0
-4.886 1.062
-12.605 7.419

23.220
0 0
-4.952 0.692
-13.577 5.753

23.235
0 0
-4.990 0.319
-14.309 3.945

23.250
0 0
-5.000 -0.055
-14.779 2.032

23.265
0 0
-4.981 -0.430
-14.970 0.056

23.280
0 0
-4.935 -0.802
-14.871 -1.935

23.295
0 0
-4.861 -1.169
-14.482 -3.897

23.310
0 0
-4.760 -1.530
-13.812 -5.780

23.325
0 0
-4.632 -1.883
-12.876 -7.542

23.340
0 0
-4.478 -2.225
-11.700 -9.142

23.355
0 0
-4.299 -2.554
-10.313 -10.543

23.370
0 0
-4.095 -2.869
-8.753 -11.717

23.385
0 0
-3.869 -3.168
-7.062 -12.644

23.400
0 0
-3.620 -3.448
-5.281 -13.310

23.415
0 0
-3.352 -3.710
-3.454 -13.710

23.430
0 0
-3.064 -3.951
-1.624 -13.846

23.445
0 0
-2.760 -4.169
0.170 -13.730

23.460
0 0
-2.440 -4.364
1.891 -13.378

23.475
0 0
-2.106 -4.535
3.508 -12.810

23.490
0 0
-1.760 -4.680
4.996 -12.053

23.505
0 0
-1.404 -4.799
6.334 -11.133

23.520
0 0
-1.041 -4.890
7.507 -10.080

23.535
0 0
-0.672 -4.955
8.507 -8.924

23.550
0 0
-0.298 -4.991
9.330 -7.693

23.565
0 0
0.076 -4.999
9.976 -6.414

23.580
0 0
0.451 -4.980
10.450 -5.112

23.595
0 0
0.823 -4.932
10.760 -3.810

23.610
0 0
1.190 -4.856
10.915 -2.528

23.625
0 0
1.550 -4.754
10.928 -1.281

23.640
0 0
1.902 -4.624
10.813 -0.085

23.655
0 0
2.243 -4.468
10.582 1.051

23.670
0 0
2.572 -4.288
10.250 2.119

23.685
0 0
2.886 -4.083
9.832 3.111

23.700
0 0
3.184 -3.855
9.340 4.025

23.715
0 0
3.464 -3.606
8.787 4.859

23.730
0 0
3.724 -3.336
8.185 5.614

23.745
0 0
3.964 -3.048
7.545 6.289

23.760
0 0
4.181 -2.742
6.877 6.887

23.775
0 0
4.375 -2.421
6.188 7.413

23.790
0 0
4.544 -2.087
5.488 7.869

23.805
0 0
4.687 -1.740
4.781 8.259

23.820
0 0
4.805 -1.384
4.074 8.589

23.835
0 0
4.895 -1.020
3.371 8.863

23.850
0 0
4.957 -0.651
2.676 9.086

23.865
0 0
4.992 -0.277
1.991 9.262

23.880
0 0
4.999 0.097
1.319 9.396

23.895
0 0
4.978 0.472
0.661 9.492

23.910
0 0
4.928 0.843
0.018 9.555

23.925
0 0
4.851 1.210
-0.609 9.588

23.940
0 0
4.747 1.570
-1.220 9.595

23.955
0 0
4.616 1.922
-1.816 9.578

23.970
0 0
4.459 2.262
-2.397 9.542

23.985
0 0
4.277 2.590
-2.963 9.488

24.000
0 0
4.071 2.903
-3.515 9.419

24.015
0 0
3.842 3.200
-4.054 9.336

24.030
0 0
3.591 3.479
-4.581 9.242

24.045
0 0
3.321 3.738
-5.096 9.138

24.060
0 0
3.031 3.976
-5.601 9.025

24.075
0 0
2.725 4.192
-6.096 8.903

24.090
0 0
2.403 4.385
-6.582 8.775

24.105
0 0
2.068 4.552
-7.059 8.640

24.120
0 0
1.721 4.695
-7.527 8.500

24.135
0 0
1.364 4.810
-7.987 8.353

24.150
0 0
1.000 4.899
-8.439 8.201

24.165
0 0
0.630 4.960
-8.883 8.044

24.180
0 0
0.256 4.993
-9.317 7.882

24.195
0 0
-0.118 4.999
-9.742 7.715

24.210
0 0
-0.493 4.976
-10.157 7.543

24.225
0 0
-0.864 4.925
-10.562 7.366

24.240
0 0
-1.231 4.846
-10.954 7.183

24.255
0 0
-1.590 4.740
-11.333 6.995

24.270
0 0
-1.941 4.608
-11.698 6.801

24.285
0 0
-2.281 4.449
-12.047 6.601

24.300
0 0
-2.608 4.266
-12.378 6.395

24.315
0 0
-2.920 4.059
-12.692 6.183

24.330
0 0
-3.216 3.828
-12.985 5.964

24.345
0 0
-3.494 3.577
-13.257 5.739

24.360
0 0
-3.752 3.305
-13.507 5.506

24.375
0 0
-3.989 3.014
-13.733 5.265

24.390
0 0
-4.204 2.707
-13.934 5.016

24.405
0 0
-4.395 2.384
-14.109 4.759

24.420
0 0
-4.561 2.048
-14.258 4.493

24.435
0 0
-4.702 1.701
-14.380 4.218

24.450
0 0
-4.816 1.344
-14.475 3.933

24.465
0 0
-4.903 0.979
-14.543 3.639

24.480
0 0
-4.963 0.609
-14.584 3.336

24.495
0 0
-4.994 0.235
-14.598 3.022

24.510
0 0
-4.998 -0.139
-14.587 2.699

24.525
0 0
-4.974 -0.514
-14.550 2.367

24.540
0 0
-4.921 -0.885
-14.489 2.024

24.555
0 0
-4.841 -1.251
-14.404 1.673

24.570
0 0
-4.734 -1.610
-14.297 1.312

24.585
0 0
-4.600 -1.960
-14.169 0.943

24.600
0 0
-4.440 -2.300
-14.021 0.565

24.615
0 0
-4.255 -2.626
-13.853 0.180

24.630
0 0
-4.046 -2.937
-13.668 -0.213

24.645
0 0
-3.815 -3.232
-13.466 -0.613

24.660
0 0
-3.562 -3.509
-13.247 -1.019

24.675
0 0
-3.289 -3.766
-13.013 -1.432

24.690
0 0
-2.998 -4.002
-12.763 -1.850

24.705
0 0
-2.689 -4.215
-12.499 -2.274

24.720
0 0
-2.366 -4.405
-12.220 -2.703

24.735
0 0
-2.029 -4.570
-11.926 -3.137

24.750
0 0
-1.681 -4.709
-11.617 -3.575

24.765
0 0
-1.324 -4.822
-11.291 -4.018

24.780
0 0
-0.959 -4.907
-10.949 -4.463

24.795
0 0
-0.588 -4.965
-10.588 -4.912

24.810
0 0
-0.214 -4.995
-10.208 -5.364

24.825
0 0
0.160 -4.997
-9.806 -5.816

24.840
0 0
0.534 -4.971
-9.381 -6.269

24.855
0 0
0.905 -4.917
-8.931 -6.721

24.870
0 0
1.271 -4.836
-8.452 -7.170

24.885
0 0
1.630 -4.727
-7.944 -7.614

24.900
0 0
1.980 -4.591
-7.403 -8.050

24.915
0 0
2.318 -4.430
-6.827 -8.475

24.930
0 0
2.644 -4.244
-6.214 -8.886

24.945
0 0
2.954 -4.034
-5.560 -9.278

24.960
0 0
3.248 -3.801
-4.865 -9.647

24.975
0 0
3.524 -3.547
-4.127 -9.987

24.990
0 0
3.780 -3.273
-3.344 -10.291

25.005
0 0
4.014 -2.981
-2.517 -10.554

25.020
0 0
4.226 -2.672
-1.645 -10.767

25.035
0 0
4.415 -2.347
-0.730 -10.923

25.050
0 0
4.578 -2.010
0.225 -11.013

25.065
0 0
4.716 -1.661
1.217 -11.029

25.080
0 0
4.827 -1.303
2.241 -10.963

25.095
0 0
4.911 -0.938
3.290 -10.806

25.110
0 0
4.968 -0.567
4.355 -10.549

25.125
0 0
4.996 -0.193
5.427 -10.184

25.140
0 0
4.997 0.181
6.493 -9.706

25.155
0 0
4.969 0.555
7.541 -9.108

25.170
0 0
4.913 0.926
8.556 -8.387

25.185
0 0
4.830 1.292
9.520 -7.540

25.200
0 0
4.720 1.650
10.417 -6.568

25.215
0 0
4.583 1.999
11.227 -5.474

25.230
0 0
4.420 2.337
11.932 -4.264

25.245
0 0
4.233 2.661
12.512 -2.947

25.260
0 0
4.022 2.971
12.949 -1.534

25.275
0 0
3.788 3.264
13.225 -0.043

25.290
0 0
3.532 3.539
13.324 1.507

25.305
0 0
3.257 3.793
13.233 3.095

25.320
0 0
2.964 4.027
12.942 4.695

25.335
0 0
2.654 4.238
12.443 6.279

25.350
0 0
2.329 4.425
11.736 7.817

25.365
0 0
1.991 4.587
10.822 9.278

25.380
0 0
1.641 4.723
9.710 10.631

25.395
0 0
1.283 4.833
8.411 11.846

25.410
0 0
0.917 4.915
6.945 12.894

25.425
0 0
0.546 4.970
5.335 13.749

25.440
0 0
0.172 4.997
3.608 14.389

25.455
0 0
-0.202 4.996
1.796 14.794

25.470
0 0
-0.576 4.967
-0.066 14.954

25.485
0 0
-0.947 4.910
-1.941 14.860

25.500
0 0
-1.312 4.825
-3.791 14.513

25.515
0 0
-1.670 4.713
-5.579 13.917

25.530
0 0
-2.018 4.575
-7.267 13.086

25.545
0 0
-2.355 4.410
-8.823 12.037

25.560
0 0
-2.679 4.222
-10.217 10.793

25.575
0 0
-2.988 4.009
-11.422 9.383

25.590
0 0
-3.280 3.774
-12.418 7.836

25.605
0 0
-3.554 3.517
-13.190 6.187

25.620
0 0
-3.807 3.241
-13.731 4.472

25.635
0 0
-4.039 2.947
-14.037 2.724

25.650
0 0
-4.249 2.636
-14.111 0.980

25.665
0 0
-4.434 2.310
-13.961 -0.731

25.680
0 0
-4.595 1.971
-13.600 -2.376

25.695
0 0
-4.730 1.622
-13.046 -3.931

25.710
0 0
-4.838 1.263
-12.319 -5.373

25.725
0 0
-4.919 0.897
-11.441 -6.684

25.740
0 0
-4.972 0.526
-10.436 -7.850

25.755
0 0
-4.998 0.151
-9.328 -8.862

25.770
0 0
-4.995 -0.223
-8.143 -9.715

25.785
0 0
-4.964 -0.597
-6.902 -10.407

25.800
0 0
-4.906 -0.967
-5.630 -10.941

25.815
0 0
-4.819 -1.332
-4.346 -11.321

25.830
0 0
-4.706 -1.690
-3.069 -11.555

25.845
0 0
-4.566 -2.037
-1.815 -11.652

25.860
0 0
-4.401 -2.374
-0.597 -11.622

25.875
0 0
-4.210 -2.697
0.573 -11.479

25.890
0 0
-3.996 -3.005
1.687 -11.233

25.905
0 0
-3.760 -3.296
2.737 -10.898

25.920
0 0
-3.502 -3.568
3.720 -10.485

25.935
0 0
-3.225 -3.821
4.632 -10.007

25.950
0 0
-2.930 -4.052
5.472 -9.474

25.965
0 0
-2.618 -4.260
6.241 -8.897

25.980
0 0
-2.292 -4.444
6.941 -8.286

25.995
0 0
-1.952 -4.603
7.573 -7.650

26.010
0 0
-1.602 -4.737
8.140 -6.994

26.025
0 0
-1.242 -4.843
8.647 -6.327

26.040
0 0
-0.876 -4.923
9.097 -5.653

26.055
0 0
-0.505 -4.974
9.495 -4.978

26.070
0 0
-0.130 -4.998
9.846 -4.305

26.085
0 0
0.244 -4.994
10.152 -3.638

26.100
0 0
0.618 -4.962
10.419 -2.977

26.115
0 0
0.988 -4.901
10.651 -2.327

26.130
0 0
1.352 -4.814
10.851 -1.686

26.145
0 0
1.709 -4.699
11.023 -1.058

26.160
0 0
2.057 -4.557
11.170 -0.441

26.175
0 0
2.392 -4.391
11.295 0.164

26.190
0 0
2.715 -4.199
11.401 0.756

26.205
0 0
3.022 -3.984
11.489 1.336

26.220
0 0
3.312 -3.746
11.562 1.905

26.235
0 0
3.583 -3.487
11.621 2.462

26.250
0 0
3.834 -3.209
11.667 3.007

26.265
0 0
4.064 -2.913
11.702 3.541

26.280
0 0
4.271 -2.600
11.726 4.064

26.295
0 0
4.454 -2.273
11.740 4.576

26.310
0 0
4.611 -1.933
11.744 5.076

26.325
0 0
4.743 -1.582
11.738 5.564

26.340
0 0
4.848 -1.222
11.723 6.041

26.355
0 0
4.926 -0.855
11.697 6.504

26.370
0 0
4.977 -0.484
11.661 6.954

26.385
0 0
4.999 -0.109
11.614 7.390

26.400
0 0
4.993 0.265
11.555 7.811

26.415
0 0
4.959 0.639
11.484 8.216

26.430
0 0
4.897 1.009
11.401 8.605

26.445
0 0
4.808 1.373
11.304 8.975

26.460
0 0
4.692 1.729
11.193 9.327

26.475
0 0
4.549 2.076
11.067 9.660

26.490
0 0
4.380 2.411
10.925 9.972

26.505
0 0
4.187 2.732
10.767 10.263

26.520
0 0
3.971 3.038
10.592 10.533

26.535
0 0
3.732 3.327
10.399 10.781

26.550
0 0
3.472 3.598
10.189 11.007

26.565
0 0
3.193 3.848
9.960 11.210

26.580
0 0
2.896 4.076
9.713 11.392

26.595
0 0
2.582 4.282
9.448 11.552

26.610
0 0
2.254 4.463
9.165 11.691

26.625
0 0
1.913 4.619
8.864 11.809

26.640
0 0
1.562 4.750
8.546 11.907

26.655
0 0
1.202 4.853
8.211 11.986

26.670
0 0
0.835 4.930
7.860 12.046

26.685
0 0
0.463 4.979
7.494 12.089

26.700
0 0
0.088 4.999
7.114 12.115

26.715
0 0
-0.286 4.992
6.721 12.126

26.730
0 0
-0.660 4.956
6.316 12.122

26.745
0 0
-1.029 4.893
5.899 12.104

26.760
0 0
-1.393 4.802
5.472 12.073

26.775
0 0
-1.749 4.684
5.036 12.030

26.790
0 0
-2.095 4.540
4.591 11.976

26.805
0 0
-2.429 4.370
4.139 11.911

26.820
0 0
-2.750 4.176
3.679 11.836

26.835
0 0
-3.055 3.958
3.213 11.750

26.850
0 0
-3.343 3.718
2.741 11.655

26.865
0 0
-3.612 3.457
2.262 11.550

26.880
0 0
-3.861 3.177
1.779 11.435

26.895
0 0
-4.088 2.879
1.289 11.310

26.910
0 0
-4.292 2.564
0.795 11.174

26.925
0 0
-4.473 2.235
0.294 11.026

26.940
0 0
-4.627 1.894
-0.211 10.866

26.955
0 0
-4.756 1.542
-0.723 10.692

26.970
0 0
-4.858 1.181
-1.240 10.504

26.985
0 0
-4.933 0.814
-1.763 10.298

27.000
0 0
-4.980 0.442
-2.292 10.074

27.015
0 0
-5.000 0.067
-2.825 9.828

27.030
0 0
-4.991 -0.307
-3.364 9.559

27.045
0 0
-4.953 -0.680
-3.906 9.265

27.060
0 0
-4.889 -1.050
-4.451 8.941

27.075
0 0
-4.796 -1.413
-4.997 8.585

27.090
0 0
-4.677 -1.768
-5.543 8.194

27.105
0 0
-4.531 -2.114
-6.085 7.765

27.120
0 0
-4.360 -2.447
-6.622 7.293

27.135
0 0
-4.164 -2.767
-7.148 6.777

27.150
0 0
-3.945 -3.072
-7.660 6.213

27.165
0 0
-3.704 -3.359
-8.152 5.598

27.180
0 0
-3.442 -3.627
-8.619 4.929

27.195
0 0
-3.161 -3.874
-9.053 4.205

27.210
0 0
-2.861 -4.100
-9.448 3.424

27.225
0 0
-2.546 -4.303
-9.794 2.586

27.240
0 0
-2.217 -4.482
-10.083 1.692

27.255
0 0
-1.874 -4.635
-10.305 0.743

27.270
0 0
-1.522 -4.763
-10.450 -0.258

27.285
0 0
-1.161 -4.863
-10.506 -1.305

27.300
0 0
-0.793 -4.937
-10.464 -2.391

27.315
0 0
-0.421 -4.982
-10.312 -3.509

27.330
0 0
-0.046 -5.000
-10.040 -4.646

27.345
0 0
0.328 -4.989
-9.639 -5.791

27.360
0 0
0.701 -4.951
-9.102 -6.926

27.375
0 0
1.070 -4.884
-8.421 -8.034

27.390
0 0
1.433 -4.790
-7.593 -9.095

27.405
0 0
1.788 -4.669
-6.617 -10.088

27.420
0 0
2.133 -4.522
-5.495 -10.989

27.435
0 0
2.466 -4.350
-4.234 -11.774

27.450
0 0
2.785 -4.153
-2.844 -12.418

27.465
0 0
3.088 -3.932
-1.342 -12.898

27.480
0 0
3.374 -3.690
0.254 -13.191

27.495
0 0
3.641 -3.427
1.919 -13.277

27.510
0 0
3.888 -3.144
3.622 -13.141

27.525
0 0
4.112 -2.844
5.332 -12.769

27.540
0 0
4.314 -2.528
7.012 -12.157

27.555
0 0
4.491 -2.198
8.624 -11.304

27.570
0 0
4.643 -1.855
10.128 -10.217

27.585
0 0
4.769 -1.502
11.487 -8.909

27.600
0 0
4.868 -1.140
12.664 -7.404

27.615
0 0
4.940 -0.772
13.626 -5.727

27.630
0 0
4.984 -0.400
14.346 -3.915

27.645
0 0
5.000 -0.025
14.802 -2.005

27.660
0 0
4.988 0.349
14.980 -0.041

27.675
0 0
4.948 0.722
14.874 1.932

27.690
0 0
4.880 1.091
14.486 3.869

27.705
0 0
4.784 1.453
13.826 5.725

27.720
0 0
4.662 1.808
12.911 7.460

27.735
0 0
4.513 2.152
11.767 9.036

27.750
0 0
4.339 2.484
10.423 10.420

27.765
0 0
4.141 2.802
8.915 11.589

27.780
0 0
3.919 3.105
7.280 12.523

27.795
0 0
3.676 3.390
5.557 13.211

27.810
0 0
3.411 3.655
3.786 13.648

27.825
0 0
3.128 3.901
2.005 13.838

27.840
0 0
2.827 4.124
0.251 13.787

27.855
0 0
2.510 4.324
-1.444 13.509

27.870
0 0
2.179 4.500
-3.051 13.024

27.885
0 0
1.835 4.651
-4.545 12.351

27.900
0 0
1.482 4.775
-5.906 11.515

27.915
0 0
1.120 4.873
-7.119 10.541

27.930
0 0
0.752 4.943
-8.173 9.455

27.945
0 0
0.379 4.986
-9.062 8.283

27.960
0 0
0.004 5.000
-9.783 7.050

27.975
0 0
-0.370 4.986
-10.339 5.780

27.990
0 0
-0.743 4.945
-10.733 4.494

28.005
0 0
-1.111 4.875
-10.972 3.213

28.020
0 0
-1.473 4.778
-11.066 1.954

28.035
0 0
-1.827 4.654
-11.026 0.732

28.050
0 0
-2.171 4.504
-10.863 -0.440

28.065
0 0
-2.502 4.329
-10.591 -1.551

28.080
0 0
-2.820 4.129
-10.221 -2.595

28.095
0 0
-3.121 3.906
-9.768 -3.565

28.110
0 0
-3.405 3.661
-9.244 -4.457

28.125
0 0
-3.670 3.396
-8.660 -5.270

28.140
0 0
-3.914 3.111
-8.029 -6.002

28.155
0 0
-4.136 2.809
-7.362 -6.656

28.170
0 0
-4.335 2.492
-6.668 -7.233

28.185
0 0
-4.509 2.160
-5.955 -7.735

28.200
0 0
-4.659 1.816
-5.232 -8.168

28.215
0 0
-4.782 1.462
-4.504 -8.534

28.230
0 0
-4.878 1.099
-3.779 -8.840

28.245
0 0
-4.946 0.731
-3.060 -9.090

28.260
0 0
-4.987 0.358
-2.352 -9.288

28.275
0 0
-5.000 -0.017
-1.656 -9.441

28.290
0 0
-4.985 -0.391
-0.976 -9.553

28.305
0 0
-4.941 -0.764
-0.313 -9.628

28.320
0 0
-4.870 -1.132
0.332 -9.672

28.335
0 0
-4.772 -1.494
0.960 -9.688

28.350
0 0
-4.646 -1.847
1.569 -9.681

28.365
0 0
-4.495 -2.190
2.160 -9.654

28.380
0 0
-4.318 -2.520
2.735 -9.610

28.395
0 0
-4.117 -2.837
3.293 -9.552

28.410
0 0
-3.893 -3.137
3.836 -9.482

28.425
0 0
-3.647 -3.420
4.365 -9.404

28.440
0 0
-3.381 -3.684
4.882 -9.318

28.455
0 0
-3.095 -3.927
5.386 -9.226

28.470
0 0
-2.792 -4.148
5.879 -9.129

28.485
0 0
-2.473 -4.345
6.362 -9.029

28.500
0 0
-2.141 -4.518
6.836 -8.926

28.515
0 0
-1.796 -4.666
7.300 -8.820

28.530
0 0
-1.442 -4.788
7.756 -8.713

28.545
0 0
-1.079 -4.882
8.203 -8.605

28.560
0 0
-0.710 -4.949
8.641 -8.495

28.575
0 0
-0.337 -4.989
9.069 -8.383

28.590
0 0
0.038 -5.000
9.488 -8.270

28.605
0 0
0.412 -4.983
9.896 -8.155

28.620
0 0
0.784 -4.938
10.292 -8.039

28.635
0 0
1.152 -4.865
10.674 -7.920

28.650
0 0
1.514 -4.765
11.042 -7.799

28.665
0 0
1.866 -4.639
11.394 -7.675

28.680
0 0
2.209 -4.486
11.729 -7.547

28.695
0 0
2.539 -4.308
12.044 -7.415

28.710
0 0
2.854 -4.105
12.338 -7.278

28.725
0 0
3.154 -3.880
12.609 -7.135

28.740
0 0
3.436 -3.633
12.856 -6.987

28.755
0 0
3.698 -3.365
13.078 -6.831

28.770
0 0
3.940 -3.078
13.274 -6.668

28.785
0 0
4.160 -2.775
13.441 -6.496

28.800
0 0
4.356 -2.455
13.581 -6.315

28.815
0 0
4.527 -2.122
13.692 -6.124

28.830
0 0
4.674 -1.777
13.774 -5.923

28.845
0 0
4.794 -1.421
13.827 -5.710

28.860
0 0
4.887 -1.058
13.853 -5.487

28.875
0 0
4.952 -0.689
13.850 -5.252

28.890
0 0
4.990 -0.316
13.822 -5.006

28.905
0 0
5.000 0.059
13.768 -4.749

28.920
0 0
4.981 0.433
13.690 -4.481

28.935
0 0
4.935 0.805
13.591 -4.203

28.950
0 0
4.861 1.173
13.470 -3.914

28.965
0 0
4.759 1.534
13.330 -3.617

28.980
0 0
4.631 1.886
13.174 -3.312

28.995
0 0
4.476 2.228
13.001 -3.000

29.010
0 0
4.297 2.557
12.815 -2.681

29.025
0 0
4.093 2.871
12.617 -2.358

29.040
0 0
3.867 3.170
12.408 -2.030

29.055
0 0
3.618 3.451
12.191 -1.698

29.070
0 0
3.349 3.712
11.965 -1.364

29.085
0 0
3.062 3.953
11.733 -1.029

29.100
0 0
2.757 4.171
11.495 -0.692

29.115
0 0
2.437 4.366
11.252 -0.356

29.130
0 0
2.103 4.536
11.005 -0.019

29.145
0 0
1.757 4.681
10.755 0.318

29.160
0 0
1.401 4.800
10.501 0.654

29.175
0 0
1.038 4.891
10.245 0.989

29.190
0 0
0.668 4.955
9.985 1.323

29.205
0 0
0.295 4.991
9.723 1.656

29.220
0 0
-0.080 4.999
9.456 1.989

29.235
0 0
-0.454 4.979
9.186 2.320

29.250
0 0
-0.826 4.931
8.911 2.651

29.265
0 0
-1.193 4.856
8.630 2.980

29.280
0 0
-1.554 4.753
8.342 3.309

29.295
0 0
-1.905 4.623
8.046 3.637

29.310
0 0
-2.246 4.467
7.741 3.963

29.325
0 0
-2.575 4.286
7.425 4.288

29.340
0 0
-2.889 4.081
7.097 4.611

29.355
0 0
-3.186 3.853
6.756 4.930

29.370
0 0
-3.466 3.604
6.398 5.246

29.385
0 0
-3.726 3.334
6.024 5.556

29.400
0 0
-3.966 3.045
5.630 5.860

29.415
0 0
-4.183 2.740
5.216 6.156

29.430
0 0
-4.376 2.418
4.779 6.441

29.445
0 0
-4.545 2.084
4.319 6.713

29.460
0 0
-4.688 1.737
3.833 6.970

29.475
0 0
-4.805 1.381
3.321 7.209

29.490
0 0
-4.895 1.017
2.781 7.425

29.505
0 0
-4.958 0.647
2.214 7.616

29.520
0 0
-4.992 0.274
1.618 7.777

29.535
0 0
-4.999 -0.101
0.994 7.904

29.550
0 0
-4.977 -0.475
0.343 7.992

29.565
0 0
-4.928 -0.847
-0.334 8.036

29.580
0 0
-4.851 -1.213
-1.036 8.030

29.595
0 0
-4.746 -1.574
-1.759 7.970

29.610
0 0
-4.615 -1.925
-2.500 7.849

29.625
0 0
-4.458 -2.265
-3.255 7.662

29.640
0 0
-4.275 -2.593
-4.019 7.404

29.655
0 0
-4.069 -2.906
-4.784 7.069

29.670
0 0
-3.840 -3.202
-5.543 6.651

29.685
0 0
-3.589 -3.481
-6.287 6.148

29.700
0 0
-3.318 -3.740
-7.007 5.554

29.715
0 0
-3.029 -3.978
-7.691 4.868

29.730
0 0
-2.722 -4.194
-8.326 4.088

29.745
0 0
-2.400 -4.386
-8.899 3.214

29.760
0 0
-2.065 -4.554
-9.395 2.248

29.775
0 0
-1.718 -4.696
-9.798 1.195

29.790
0 0
-1.361 -4.811
-10.094 0.061

29.805
0 0
-0.997 -4.900
-10.265 -1.145

29.820
0 0
-0.627 -4.961
-10.296 -2.409

29.835
0 0
-0.253 -4.994
-10.171 -3.716

29.850
0 0
0.122 -4.999
-9.878 -5.047

29.865
0 0
0.496 -4.975
-9.405 -6.379

29.880
0 0
0.867 -4.924
-8.744 -7.686

29.895
0 0
1.234 -4.845
-7.889 -8.940

29.910
0 0
1.593 -4.739
-6.842 -10.109

29.925
0 0
1.944 -4.607
-5.608 -11.161

29.940
0 0
2.284 -4.448
-4.198 -12.062

29.955
0 0
2.611 -4.264
-2.631 -12.780

29.970
0 0
2.923 -4.057
-0.931 -13.284

29.985
0 0
3.219 -3.826
0.871 -13.547

30.000
0 0
3.496 -3.574
2.737 -13.546

