# position_3joints.txt
# Time: t
# Origin: x / y
# Joint: x / y
# Pendulum: x / y
0.000
0 0
5.000 0.000
5.000 -10.000

0.015
0 0
4.999 0.075
5.075 -9.925

0.030
0 0
4.998 0.150
5.150 -9.849

0.045
0 0
4.995 0.225
5.225 -9.772

0.060
0 0
4.991 0.300
5.300 -9.695

0.075
0 0
4.986 0.375
5.375 -9.618

0.090
0 0
4.980 0.449
5.449 -9.540

0.105
0 0
4.972 0.524
5.524 -9.461

0.120
0 0
4.964 0.599
5.598 -9.381

0.135
0 0
4.955 0.673
5.672 -9.301

0.150
0 0
4.944 0.747
5.746 -9.221

0.165
0 0
4.932 0.821
5.820 -9.139

0.180
0 0
4.919 0.895
5.894 -9.057

0.195
0 0
4.905 0.969
5.967 -8.975

0.210
0 0
4.890 1.042
6.040 -8.891

0.225
0 0
4.874 1.116
6.113 -8.807

0.240
0 0
4.857 1.189
6.185 -8.723

0.255
0 0
4.838 1.261
6.257 -8.638

0.270
0 0
4.819 1.334
6.328 -8.552

0.285
0 0
4.798 1.406
6.399 -8.465

0.300
0 0
4.777 1.478
6.470 -8.378

0.315
0 0
4.754 1.549
6.540 -8.290

0.330
0 0
4.730 1.620
6.609 -8.202

0.345
0 0
4.705 1.691
6.678 -8.112

0.360
0 0
4.679 1.761
6.747 -8.023

0.375
0 0
4.653 1.831
6.815 -7.932

0.390
0 0
4.625 1.901
6.882 -7.841

0.405
0 0
4.596 1.970
6.948 -7.749

0.420
0 0
4.565 2.039
7.014 -7.657

0.435
0 0
4.534 2.107
7.079 -7.564

0.450
0 0
4.502 2.175
7.144 -7.470

0.465
0 0
4.469 2.242
7.207 -7.376

0.480
0 0
4.435 2.309
7.270 -7.281

0.495
0 0
4.400 2.375
7.332 -7.185

0.510
0 0
4.364 2.441
7.393 -7.089

0.525
0 0
4.327 2.506
7.454 -6.992

0.540
0 0
4.289 2.571
7.513 -6.895

0.555
0 0
4.250 2.635
7.571 -6.797

0.570
0 0
4.210 2.698
7.629 -6.699

0.585
0 0
4.169 2.761
7.685 -6.600

0.600
0 0
4.127 2.823
7.741 -6.501

0.615
0 0
4.084 2.885
7.795 -6.401

0.630
0 0
4.040 2.946
7.848 -6.301

0.645
0 0
3.995 3.006
7.901 -6.200

0.660
0 0
3.950 3.066
7.952 -6.099

0.675
0 0
3.904 3.124
8.002 -5.997

0.690
0 0
3.856 3.183
8.051 -5.895

0.705
0 0
3.808 3.240
8.098 -5.793

0.720
0 0
3.759 3.297
8.145 -5.690

0.735
0 0
3.709 3.353
8.190 -5.587

0.750
0 0
3.658 3.408
8.234 -5.484

0.765
0 0
3.607 3.463
8.276 -5.380

0.780
0 0
3.555 3.516
8.318 -5.276

0.795
0 0
3.501 3.569
8.358 -5.172

0.810
0 0
3.447 3.621
8.396 -5.068

0.825
0 0
3.393 3.673
8.434 -4.964

0.840
0 0
3.337 3.723
8.470 -4.859

0.855
0 0
3.281 3.773
8.504 -4.755

0.870
0 0
3.224 3.822
8.538 -4.650

0.885
0 0
3.166 3.870
8.569 -4.545

0.900
0 0
3.108 3.917
8.600 -4.440

0.915
0 0
3.049 3.963
8.629 -4.336

0.930
0 0
2.989 4.008
8.656 -4.231

0.945
0 0
2.929 4.052
8.682 -4.126

0.960
0 0
2.868 4.096
8.707 -4.022

0.975
0 0
2.806 4.139
8.730 -3.918

0.990
0 0
2.743 4.180
8.752 -3.814

1.005
0 0
2.680 4.221
8.772 -3.710

1.020
0 0
2.617 4.261
8.791 -3.606

1.035
0 0
2.553 4.299
8.808 -3.503

1.050
0 0
2.488 4.337
8.823 -3.400

1.065
0 0
2.423 4.374
8.838 -3.297

1.080
0 0
2.357 4.410
8.850 -3.195

1.095
0 0
2.290 4.445
8.861 -3.093

1.110
0 0
2.223 4.478
8.871 -2.992

1.125
0 0
2.156 4.511
8.879 -2.891

1.140
0 0
2.088 4.543
8.886 -2.791

1.155
0 0
2.020 4.574
8.891 -2.691

1.170
0 0
1.951 4.604
8.895 -2.592

1.185
0 0
1.881 4.632
8.897 -2.494

1.200
0 0
1.812 4.660
8.897 -2.396

1.215
0 0
1.742 4.687
8.897 -2.299

1.230
0 0
1.671 4.712
8.894 -2.203

1.245
0 0
1.600 4.737
8.890 -2.108

1.260
0 0
1.529 4.760
8.885 -2.013

1.275
0 0
1.458 4.783
8.879 -1.920

1.290
0 0
1.386 4.804
8.871 -1.827

1.305
0 0
1.313 4.824
8.861 -1.735

1.320
0 0
1.241 4.844
8.850 -1.645

1.335
0 0
1.168 4.862
8.838 -1.555

1.350
0 0
1.095 4.879
8.824 -1.466

1.365
0 0
1.022 4.894
8.809 -1.379

1.380
0 0
0.948 4.909
8.793 -1.292

1.395
0 0
0.874 4.923
8.775 -1.207

1.410
0 0
0.801 4.936
8.756 -1.123

1.425
0 0
0.726 4.947
8.736 -1.040

1.440
0 0
0.652 4.957
8.715 -0.958

1.455
0 0
0.578 4.967
8.692 -0.878

1.470
0 0
0.503 4.975
8.668 -0.799

1.485
0 0
0.428 4.982
8.643 -0.722

1.500
0 0
0.354 4.987
8.616 -0.645

1.515
0 0
0.279 4.992
8.589 -0.571

1.530
0 0
0.204 4.996
8.560 -0.497

1.545
0 0
0.129 4.998
8.530 -0.425

1.560
0 0
0.054 5.000
8.500 -0.355

1.575
0 0
-0.021 5.000
8.468 -0.286

1.590
0 0
-0.096 4.999
8.435 -0.219

1.605
0 0
-0.171 4.997
8.401 -0.153

1.620
0 0
-0.246 4.994
8.366 -0.089

1.635
0 0
-0.321 4.990
8.330 -0.027

1.650
0 0
-0.396 4.984
8.293 0.034

1.665
0 0
-0.470 4.978
8.255 0.093

1.680
0 0
-0.545 4.970
8.217 0.150

1.695
0 0
-0.619 4.961
8.177 0.206

1.710
0 0
-0.694 4.952
8.137 0.260

1.725
0 0
-0.768 4.941
8.096 0.312

1.740
0 0
-0.842 4.929
8.054 0.362

1.755
0 0
-0.916 4.915
8.012 0.410

1.770
0 0
-0.989 4.901
7.969 0.457

1.785
0 0
-1.063 4.886
7.925 0.502

1.800
0 0
-1.136 4.869
7.880 0.544

1.815
0 0
-1.209 4.852
7.835 0.585

1.830
0 0
-1.282 4.833
7.790 0.624

1.845
0 0
-1.354 4.813
7.743 0.661

1.860
0 0
-1.426 4.792
7.697 0.696

1.875
0 0
-1.498 4.770
7.649 0.729

1.890
0 0
-1.569 4.747
7.602 0.760

1.905
0 0
-1.640 4.723
7.553 0.789

1.920
0 0
-1.711 4.698
7.505 0.816

1.935
0 0
-1.781 4.672
7.456 0.841

1.950
0 0
-1.851 4.645
7.407 0.864

1.965
0 0
-1.920 4.617
7.357 0.884

1.980
0 0
-1.989 4.587
7.307 0.903

1.995
0 0
-2.058 4.557
7.257 0.920

2.010
0 0
-2.126 4.525
7.207 0.934

2.025
0 0
-2.194 4.493
7.156 0.946

2.040
0 0
-2.261 4.460
7.105 0.956

2.055
0 0
-2.328 4.425
7.055 0.964

2.070
0 0
-2.394 4.390
7.004 0.970

2.085
0 0
-2.459 4.353
6.952 0.974

2.100
0 0
-2.524 4.316
6.901 0.975

2.115
0 0
-2.589 4.278
6.850 0.975

2.130
0 0
-2.653 4.238
6.799 0.972

2.145
0 0
-2.716 4.198
6.748 0.967

2.160
0 0
-2.778 4.157
6.696 0.959

2.175
0 0
-2.841 4.115
6.645 0.950

2.190
0 0
-2.902 4.072
6.594 0.938

2.205
0 0
-2.963 4.028
6.543 0.924

2.220
0 0
-3.023 3.983
6.493 0.907

2.235
0 0
-3.082 3.937
6.442 0.889

2.250
0 0
-3.141 3.890
6.391 0.868

2.265
0 0
-3.199 3.843
6.341 0.845

2.280
0 0
-3.256 3.794
6.291 0.819

2.295
0 0
-3.313 3.745
6.241 0.792

2.310
0 0
-3.368 3.695
6.192 0.762

2.325
0 0
-3.424 3.644
6.142 0.730

2.340
0 0
-3.478 3.592
6.093 0.695

2.355
0 0
-3.531 3.540
6.045 0.658

2.370
0 0
-3.584 3.486
5.996 0.619

2.385
0 0
-3.636 3.432
5.948 0.578

2.400
0 0
-3.687 3.377
5.900 0.534

2.415
0 0
-3.737 3.322
5.853 0.488

2.430
0 0
-3.787 3.265
5.806 0.439

2.445
0 0
-3.835 3.208
5.759 0.389

2.460
0 0
-3.883 3.150
5.713 0.336

2.475
0 0
-3.930 3.092
5.667 0.280

2.490
0 0
-3.976 3.032
5.622 0.223

2.505
0 0
-4.021 2.972
5.577 0.163

2.520
0 0
-4.065 2.912
5.532 0.100

2.535
0 0
-4.108 2.850
5.488 0.036

2.550
0 0
-4.150 2.788
5.444 -0.031

2.565
0 0
-4.192 2.726
5.401 -0.101

2.580
0 0
-4.232 2.663
5.358 -0.172

2.595
0 0
-4.272 2.599
5.315 -0.246

2.610
0 0
-4.310 2.535
5.273 -0.323

2.625
0 0
-4.348 2.470
5.231 -0.402

2.640
0 0
-4.384 2.404
5.190 -0.483

2.655
0 0
-4.420 2.338
5.149 -0.566

2.670
0 0
-4.454 2.272
5.109 -0.652

2.685
0 0
-4.488 2.204
5.069 -0.740

2.700
0 0
-4.520 2.137
5.029 -0.830

2.715
0 0
-4.552 2.069
4.990 -0.923

2.730
0 0
-4.582 2.000
4.951 -1.018

2.745
0 0
-4.612 1.931
4.913 -1.115

2.760
0 0
-4.640 1.862
4.875 -1.215

2.775
0 0
-4.668 1.792
4.837 -1.317

2.790
0 0
-4.694 1.722
4.799 -1.421

2.805
0 0
-4.719 1.651
4.762 -1.527

2.820
0 0
-4.744 1.580
4.725 -1.636

2.835
0 0
-4.767 1.509
4.688 -1.747

2.850
0 0
-4.789 1.437
4.651 -1.861

2.865
0 0
-4.810 1.365
4.615 -1.977

2.880
0 0
-4.830 1.293
4.579 -2.094

2.895
0 0
-4.849 1.221
4.543 -2.215

2.910
0 0
-4.867 1.148
4.507 -2.337

2.925
0 0
-4.883 1.075
4.471 -2.462

2.940
0 0
-4.899 1.001
4.435 -2.589

2.955
0 0
-4.913 0.928
4.399 -2.718

2.970
0 0
-4.927 0.854
4.363 -2.849

2.985
0 0
-4.939 0.780
4.326 -2.983

3.000
0 0
-4.950 0.706
4.290 -3.118

3.015
0 0
-4.960 0.631
4.254 -3.256

3.030
0 0
-4.969 0.557
4.217 -3.396

3.045
0 0
-4.977 0.482
4.180 -3.538

3.060
0 0
-4.983 0.408
4.142 -3.682

3.075
0 0
-4.989 0.333
4.105 -3.828

3.090
0 0
-4.993 0.258
4.066 -3.976

3.105
0 0
-4.997 0.183
4.028 -4.126

3.120
0 0
-4.999 0.108
3.988 -4.277

3.135
0 0
-5.000 0.033
3.948 -4.431

3.150
0 0
-5.000 -0.042
3.908 -4.587

3.165
0 0
-4.999 -0.117
3.866 -4.744

3.180
0 0
-4.996 -0.192
3.824 -4.904

3.195
0 0
-4.993 -0.267
3.781 -5.065

3.210
0 0
-4.988 -0.342
3.737 -5.227

3.225
0 0
-4.983 -0.417
3.692 -5.392

3.240
0 0
-4.976 -0.491
3.646 -5.558

3.255
0 0
-4.968 -0.566
3.598 -5.725

3.270
0 0
-4.959 -0.640
3.550 -5.894

3.285
0 0
-4.949 -0.715
3.500 -6.064

3.300
0 0
-4.937 -0.789
3.449 -6.236

3.315
0 0
-4.925 -0.863
3.396 -6.409

3.330
0 0
-4.912 -0.936
3.342 -6.583

3.345
0 0
-4.897 -1.010
3.286 -6.758

3.360
0 0
-4.881 -1.083
3.228 -6.935

3.375
0 0
-4.864 -1.156
3.169 -7.112

3.390
0 0
-4.847 -1.229
3.108 -7.290

3.405
0 0
-4.828 -1.302
3.045 -7.469

3.420
0 0
-4.807 -1.374
2.980 -7.648

3.435
0 0
-4.786 -1.446
2.913 -7.828

3.450
0 0
-4.764 -1.518
2.843 -8.008

3.465
0 0
-4.741 -1.589
2.772 -8.189

3.480
0 0
-4.716 -1.660
2.698 -8.370

3.495
0 0
-4.691 -1.730
2.622 -8.551

3.510
0 0
-4.665 -1.801
2.544 -8.732

3.525
0 0
-4.637 -1.870
2.463 -8.913

3.540
0 0
-4.608 -1.940
2.379 -9.093

3.555
0 0
-4.579 -2.009
2.293 -9.273

3.570
0 0
-4.548 -2.077
2.204 -9.453

3.585
0 0
-4.516 -2.145
2.113 -9.632

3.600
0 0
-4.484 -2.213
2.019 -9.810

3.615
0 0
-4.450 -2.280
1.922 -9.987

3.630
0 0
-4.415 -2.346
1.822 -10.162

3.645
0 0
-4.380 -2.412
1.720 -10.337

3.660
0 0
-4.343 -2.477
1.614 -10.509

3.675
0 0
-4.305 -2.542
1.506 -10.680

3.690
0 0
-4.267 -2.607
1.395 -10.850

3.705
0 0
-4.227 -2.670
1.280 -11.017

3.720
0 0
-4.187 -2.733
1.163 -11.182

3.735
0 0
-4.145 -2.796
1.043 -11.345

3.750
0 0
-4.103 -2.858
0.920 -11.505

3.765
0 0
-4.059 -2.919
0.795 -11.662

3.780
0 0
-4.015 -2.980
0.666 -11.816

3.795
0 0
-3.970 -3.039
0.535 -11.967

3.810
0 0
-3.924 -3.099
0.400 -12.115

3.825
0 0
-3.877 -3.157
0.263 -12.260

3.840
0 0
-3.829 -3.215
0.124 -12.400

3.855
0 0
-3.781 -3.272
-0.019 -12.537

3.870
0 0
-3.731 -3.328
-0.163 -12.670

3.885
0 0
-3.681 -3.384
-0.311 -12.799

3.900
0 0
-3.630 -3.439
-0.460 -12.923

3.915
0 0
-3.578 -3.493
-0.612 -13.043

3.930
0 0
-3.525 -3.546
-0.766 -13.158

3.945
0 0
-3.471 -3.599
-0.922 -13.268

3.960
0 0
-3.417 -3.650
-1.080 -13.373

3.975
0 0
-3.362 -3.701
-1.240 -13.473

3.990
0 0
-3.306 -3.751
-1.401 -13.568

4.005
0 0
-3.249 -3.800
-1.564 -13.657

4.020
0 0
-3.192 -3.849
-1.728 -13.741

4.035
0 0
-3.134 -3.896
-1.894 -13.819

4.050
0 0
-3.075 -3.943
-2.060 -13.891

4.065
0 0
-3.016 -3.988
-2.227 -13.957

4.080
0 0
-2.955 -4.033
-2.395 -14.017

4.095
0 0
-2.895 -4.077
-2.564 -14.071

4.110
0 0
-2.833 -4.120
-2.732 -14.119

4.125
0 0
-2.771 -4.162
-2.901 -14.161

4.140
0 0
-2.708 -4.203
-3.069 -14.197

4.155
0 0
-2.645 -4.243
-3.238 -14.226

4.170
0 0
-2.581 -4.282
-3.406 -14.248

4.185
0 0
-2.516 -4.321
-3.573 -14.265

4.200
0 0
-2.451 -4.358
-3.739 -14.275

4.215
0 0
-2.386 -4.394
-3.904 -14.278

4.230
0 0
-2.319 -4.429
-4.068 -14.275

4.245
0 0
-2.253 -4.464
-4.230 -14.266

4.260
0 0
-2.186 -4.497
-4.390 -14.251

4.275
0 0
-2.118 -4.529
-4.549 -14.229

4.290
0 0
-2.050 -4.561
-4.706 -14.201

4.305
0 0
-1.981 -4.591
-4.860 -14.167

4.320
0 0
-1.912 -4.620
-5.012 -14.127

4.335
0 0
-1.842 -4.648
-5.161 -14.082

4.350
0 0
-1.773 -4.675
-5.307 -14.030

4.365
0 0
-1.702 -4.701
-5.450 -13.972

4.380
0 0
-1.632 -4.726
-5.590 -13.909

4.395
0 0
-1.560 -4.750
-5.727 -13.841

4.410
0 0
-1.489 -4.773
-5.861 -13.767

4.425
0 0
-1.417 -4.795
-5.991 -13.688

4.440
0 0
-1.345 -4.816
-6.117 -13.604

4.455
0 0
-1.273 -4.835
-6.239 -13.515

4.470
0 0
-1.200 -4.854
-6.357 -13.421

4.485
0 0
-1.127 -4.871
-6.472 -13.323

4.500
0 0
-1.054 -4.888
-6.582 -13.221

4.515
0 0
-0.981 -4.903
-6.688 -13.114

4.530
0 0
-0.907 -4.917
-6.790 -13.004

4.545
0 0
-0.833 -4.930
-6.887 -12.889

4.560
0 0
-0.759 -4.942
-6.980 -12.772

4.575
0 0
-0.685 -4.953
-7.068 -12.650

4.590
0 0
-0.610 -4.963
-7.152 -12.526

4.605
0 0
-0.536 -4.971
-7.232 -12.398

4.620
0 0
-0.461 -4.979
-7.307 -12.268

4.635
0 0
-0.387 -4.985
-7.377 -12.135

4.650
0 0
-0.312 -4.990
-7.444 -12.000

4.665
0 0
-0.237 -4.994
-7.505 -11.863

4.680
0 0
-0.162 -4.997
-7.562 -11.723

4.695
0 0
-0.087 -4.999
-7.615 -11.582

4.710
0 0
-0.012 -5.000
-7.663 -11.439

4.725
0 0
0.063 -5.000
-7.707 -11.295

4.740
0 0
0.138 -4.998
-7.747 -11.149

4.755
0 0
0.213 -4.995
-7.782 -11.002

4.770
0 0
0.288 -4.992
-7.813 -10.854

4.785
0 0
0.363 -4.987
-7.840 -10.706

4.800
0 0
0.437 -4.981
-7.863 -10.557

4.815
0 0
0.512 -4.974
-7.883 -10.408

4.830
0 0
0.587 -4.965
-7.898 -10.258

4.845
0 0
0.661 -4.956
-7.910 -10.108

4.860
0 0
0.735 -4.946
-7.918 -9.958

4.875
0 0
0.809 -4.934
-7.922 -9.808

4.890
0 0
0.883 -4.921
-7.923 -9.659

4.905
0 0
0.957 -4.908
-7.921 -9.510

4.920
0 0
1.031 -4.893
-7.915 -9.362

4.935
0 0
1.104 -4.877
-7.907 -9.214

4.950
0 0
1.177 -4.860
-7.895 -9.067

4.965
0 0
1.250 -4.841
-7.880 -8.921

4.980
0 0
1.322 -4.822
-7.863 -8.775

4.995
0 0
1.394 -4.802
-7.843 -8.631

5.010
0 0
1.466 -4.780
-7.821 -8.488

5.025
0 0
1.538 -4.758
-7.796 -8.347

5.040
0 0
1.609 -4.734
-7.769 -8.206

5.055
0 0
1.680 -4.709
-7.740 -8.067

5.070
0 0
1.750 -4.684
-7.708 -7.930

5.085
0 0
1.820 -4.657
-7.675 -7.794

5.100
0 0
1.890 -4.629
-7.640 -7.659

5.115
0 0
1.959 -4.600
-7.603 -7.527

5.130
0 0
2.028 -4.570
-7.565 -7.396

5.145
0 0
2.096 -4.539
-7.525 -7.267

5.160
0 0
2.164 -4.507
-7.483 -7.139

5.175
0 0
2.231 -4.474
-7.441 -7.014

5.190
0 0
2.298 -4.440
-7.397 -6.890

5.205
0 0
2.365 -4.406
-7.352 -6.768

5.220
0 0
2.430 -4.370
-7.306 -6.649

5.235
0 0
2.496 -4.333
-7.260 -6.531

5.250
0 0
2.560 -4.295
-7.212 -6.415

5.265
0 0
2.625 -4.256
-7.164 -6.302

5.280
0 0
2.688 -4.216
-7.115 -6.190

5.295
0 0
2.751 -4.175
-7.066 -6.081

5.310
0 0
2.813 -4.133
-7.016 -5.973

5.325
0 0
2.875 -4.091
-6.966 -5.868

5.340
0 0
2.936 -4.047
-6.915 -5.765

5.355
0 0
2.996 -4.003
-6.865 -5.664

5.370
0 0
3.056 -3.957
-6.814 -5.565

5.385
0 0
3.115 -3.911
-6.763 -5.469

5.400
0 0
3.173 -3.864
-6.712 -5.375

5.415
0 0
3.231 -3.816
-6.661 -5.283

5.430
0 0
3.288 -3.767
-6.610 -5.193

5.445
0 0
3.344 -3.717
-6.559 -5.105

5.460
0 0
3.399 -3.667
-6.509 -5.020

5.475
0 0
3.454 -3.615
-6.458 -4.936

5.490
0 0
3.508 -3.563
-6.408 -4.856

5.505
0 0
3.561 -3.510
-6.358 -4.777

5.520
0 0
3.613 -3.456
-6.309 -4.700

5.535
0 0
3.665 -3.402
-6.260 -4.626

5.550
0 0
3.715 -3.346
-6.212 -4.554

5.565
0 0
3.765 -3.290
-6.163 -4.485

5.580
0 0
3.814 -3.233
-6.116 -4.417

5.595
0 0
3.862 -3.176
-6.069 -4.352

5.610
0 0
3.909 -3.117
-6.022 -4.290

5.625
0 0
3.956 -3.058
-5.976 -4.229

5.640
0 0
4.001 -2.999
-5.930 -4.171

5.655
0 0
4.045 -2.938
-5.885 -4.115

5.670
0 0
4.089 -2.877
-5.841 -4.061

5.685
0 0
4.132 -2.816
-5.797 -4.009

5.700
0 0
4.174 -2.753
-5.753 -3.960

5.715
0 0
4.214 -2.691
-5.711 -3.913

5.730
0 0
4.254 -2.627
-5.668 -3.869

5.745
0 0
4.293 -2.563
-5.627 -3.826

5.760
0 0
4.331 -2.498
-5.586 -3.786

5.775
0 0
4.368 -2.433
-5.545 -3.749

5.790
0 0
4.404 -2.367
-5.505 -3.713

5.805
0 0
4.439 -2.301
-5.465 -3.680

5.820
0 0
4.473 -2.234
-5.426 -3.649

5.835
0 0
4.506 -2.167
-5.388 -3.620

5.850
0 0
4.538 -2.099
-5.349 -3.594

5.865
0 0
4.569 -2.031
-5.312 -3.570

5.880
0 0
4.599 -1.962
-5.274 -3.548

5.895
0 0
4.628 -1.893
-5.237 -3.528

5.910
0 0
4.656 -1.823
-5.201 -3.511

5.925
0 0
4.683 -1.753
-5.164 -3.496

5.940
0 0
4.708 -1.682
-5.128 -3.483

5.955
0 0
4.733 -1.612
-5.092 -3.472

5.970
0 0
4.757 -1.540
-5.056 -3.464

5.985
0 0
4.779 -1.469
-5.021 -3.458

6.000
0 0
4.801 -1.397
-4.985 -3.454

6.015
0 0
4.821 -1.325
-4.950 -3.452

6.030
0 0
4.841 -1.252
-4.914 -3.453

6.045
0 0
4.859 -1.180
-4.879 -3.456

6.060
0 0
4.876 -1.107
-4.843 -3.460

6.075
0 0
4.892 -1.033
-4.807 -3.468

6.090
0 0
4.907 -0.960
-4.771 -3.477

6.105
0 0
4.921 -0.886
-4.735 -3.488

6.120
0 0
4.934 -0.812
-4.698 -3.502

6.135
0 0
4.945 -0.738
-4.661 -3.517

6.150
0 0
4.956 -0.664
-4.623 -3.535

6.165
0 0
4.965 -0.590
-4.585 -3.555

6.180
0 0
4.973 -0.515
-4.547 -3.576

6.195
0 0
4.981 -0.440
-4.507 -3.600

6.210
0 0
4.987 -0.366
-4.467 -3.626

6.225
0 0
4.992 -0.291
-4.426 -3.653

6.240
0 0
4.995 -0.216
-4.384 -3.683

6.255
0 0
4.998 -0.141
-4.342 -3.714

6.270
0 0
5.000 -0.066
-4.298 -3.747

6.285
0 0
5.000 0.009
-4.253 -3.782

6.300
0 0
4.999 0.084
-4.208 -3.819

6.315
0 0
4.997 0.159
-4.160 -3.858

6.330
0 0
4.995 0.234
-4.112 -3.898

6.345
0 0
4.990 0.309
-4.062 -3.939

6.360
0 0
4.985 0.384
-4.011 -3.982

6.375
0 0
4.979 0.458
-3.959 -4.027

6.390
0 0
4.972 0.533
-3.904 -4.073

6.405
0 0
4.963 0.608
-3.849 -4.121

6.420
0 0
4.953 0.682
-3.791 -4.170

6.435
0 0
4.942 0.756
-3.732 -4.220

6.450
0 0
4.931 0.830
-3.671 -4.271

6.465
0 0
4.918 0.904
-3.608 -4.323

6.480
0 0
4.903 0.978
-3.543 -4.376

6.495
0 0
4.888 1.051
-3.476 -4.430

6.510
0 0
4.872 1.124
-3.406 -4.485

6.525
0 0
4.855 1.197
-3.335 -4.541

6.540
0 0
4.836 1.270
-3.262 -4.597

6.555
0 0
4.816 1.342
-3.186 -4.654

6.570
0 0
4.796 1.414
-3.108 -4.712

6.585
0 0
4.774 1.486
-3.027 -4.770

6.600
0 0
4.751 1.558
-2.945 -4.828

6.615
0 0
4.727 1.629
-2.859 -4.886

6.630
0 0
4.702 1.700
-2.772 -4.944

6.645
0 0
4.676 1.770
-2.681 -5.003

6.660
0 0
4.649 1.840
-2.588 -5.061

6.675
0 0
4.621 1.909
-2.493 -5.119

6.690
0 0
4.592 1.978
-2.395 -5.176

6.705
0 0
4.562 2.047
-2.294 -5.233

6.720
0 0
4.531 2.115
-2.190 -5.289

6.735
0 0
4.498 2.183
-2.084 -5.345

6.750
0 0
4.465 2.250
-1.975 -5.400

6.765
0 0
4.431 2.317
-1.864 -5.453

6.780
0 0
4.396 2.383
-1.750 -5.506

6.795
0 0
4.359 2.449
-1.633 -5.557

6.810
0 0
4.322 2.514
-1.513 -5.607

6.825
0 0
4.284 2.578
-1.391 -5.655

6.840
0 0
4.245 2.642
-1.266 -5.702

6.855
0 0
4.205 2.706
-1.138 -5.747

6.870
0 0
4.164 2.769
-1.008 -5.790

6.885
0 0
4.122 2.831
-0.875 -5.831

6.900
0 0
4.079 2.892
-0.740 -5.870

6.915
0 0
4.035 2.953
-0.602 -5.907

6.930
0 0
3.990 3.013
-0.462 -5.941

6.945
0 0
3.944 3.073
-0.320 -5.973

6.960
0 0
3.898 3.132
-0.175 -6.002

6.975
0 0
3.850 3.190
-0.028 -6.028

6.990
0 0
3.802 3.247
0.122 -6.051

7.005
0 0
3.753 3.304
0.273 -6.071

7.020
0 0
3.703 3.360
0.426 -6.088

7.035
0 0
3.652 3.415
0.581 -6.102

7.050
0 0
3.601 3.469
0.738 -6.112

7.065
0 0
3.548 3.523
0.897 -6.119

7.080
0 0
3.495 3.576
1.057 -6.123

7.095
0 0
3.441 3.628
1.219 -6.122

7.110
0 0
3.386 3.679
1.382 -6.118

7.125
0 0
3.331 3.729
1.547 -6.110

7.140
0 0
3.274 3.779
1.712 -6.098

7.155
0 0
3.217 3.827
1.879 -6.083

7.170
0 0
3.159 3.875
2.046 -6.062

7.185
0 0
3.101 3.922
2.214 -6.038

7.200
0 0
3.042 3.968
2.383 -6.010

7.215
0 0
2.982 4.014
2.552 -5.977

7.230
0 0
2.921 4.058
2.721 -5.940

7.245
0 0
2.860 4.101
2.890 -5.899

7.260
0 0
2.798 4.144
3.060 -5.853

7.275
0 0
2.736 4.185
3.229 -5.803

7.290
0 0
2.673 4.226
3.398 -5.748

7.305
0 0
2.609 4.265
3.567 -5.689

7.320
0 0
2.545 4.304
3.734 -5.625

7.335
0 0
2.480 4.342
3.901 -5.557

7.350
0 0
2.415 4.378
4.067 -5.484

7.365
0 0
2.349 4.414
4.232 -5.407

7.380
0 0
2.282 4.449
4.396 -5.325

7.395
0 0
2.215 4.483
4.558 -5.239

7.410
0 0
2.148 4.515
4.719 -5.149

7.425
0 0
2.080 4.547
4.878 -5.054

7.440
0 0
2.011 4.578
5.035 -4.954

7.455
0 0
1.942 4.607
5.190 -4.851

7.470
0 0
1.873 4.636
5.342 -4.743

7.485
0 0
1.803 4.663
5.493 -4.631

7.500
0 0
1.733 4.690
5.641 -4.515

7.515
0 0
1.663 4.715
5.786 -4.395

7.530
0 0
1.592 4.740
5.928 -4.271

7.545
0 0
1.520 4.763
6.068 -4.143

7.560
0 0
1.449 4.785
6.204 -4.011

7.575
0 0
1.377 4.807
6.337 -3.876

7.590
0 0
1.305 4.827
6.467 -3.737

7.605
0 0
1.232 4.846
6.594 -3.595

7.620
0 0
1.159 4.864
6.717 -3.449

7.635
0 0
1.086 4.881
6.837 -3.301

7.650
0 0
1.013 4.896
6.952 -3.149

7.665
0 0
0.939 4.911
7.064 -2.994

7.680
0 0
0.866 4.925
7.172 -2.836

7.695
0 0
0.792 4.937
7.276 -2.676

7.710
0 0
0.717 4.948
7.376 -2.513

7.725
0 0
0.643 4.958
7.472 -2.347

7.740
0 0
0.569 4.968
7.563 -2.179

7.755
0 0
0.494 4.976
7.651 -2.009

7.770
0 0
0.419 4.982
7.733 -1.837

7.785
0 0
0.345 4.988
7.812 -1.663

7.800
0 0
0.270 4.993
7.886 -1.488

7.815
0 0
0.195 4.996
7.956 -1.310

7.830
0 0
0.120 4.999
8.021 -1.132

7.845
0 0
0.045 5.000
8.081 -0.952

7.860
0 0
-0.030 5.000
8.137 -0.770

7.875
0 0
-0.105 4.999
8.189 -0.588

7.890
0 0
-0.180 4.997
8.235 -0.405

7.905
0 0
-0.255 4.993
8.278 -0.221

7.920
0 0
-0.330 4.989
8.315 -0.037

7.935
0 0
-0.405 4.984
8.349 0.148

7.950
0 0
-0.479 4.977
8.377 0.333

7.965
0 0
-0.554 4.969
8.401 0.519

7.980
0 0
-0.628 4.960
8.421 0.704

7.995
0 0
-0.703 4.950
8.436 0.889

8.010
0 0
-0.777 4.939
8.446 1.074

8.025
0 0
-0.851 4.927
8.452 1.259

8.040
0 0
-0.925 4.914
8.454 1.444

8.055
0 0
-0.998 4.899
8.451 1.627

8.070
0 0
-1.072 4.884
8.444 1.810

8.085
0 0
-1.145 4.867
8.433 1.992

8.100
0 0
-1.218 4.849
8.418 2.173

8.115
0 0
-1.290 4.831
8.398 2.354

8.130
0 0
-1.363 4.811
8.374 2.532

8.145
0 0
-1.435 4.790
8.347 2.710

8.160
0 0
-1.506 4.768
8.315 2.886

8.175
0 0
-1.578 4.745
8.280 3.061

8.190
0 0
-1.649 4.720
8.240 3.235

8.205
0 0
-1.719 4.695
8.197 3.406

8.220
0 0
-1.790 4.669
8.151 3.576

8.235
0 0
-1.859 4.641
8.100 3.744

8.250
0 0
-1.929 4.613
8.047 3.910

8.265
0 0
-1.998 4.584
7.989 4.075

8.280
0 0
-2.066 4.553
7.929 4.237

8.295
0 0
-2.134 4.522
7.865 4.397

8.310
0 0
-2.202 4.489
7.798 4.555

8.325
0 0
-2.269 4.456
7.728 4.711

8.340
0 0
-2.336 4.421
7.655 4.864

8.355
0 0
-2.402 4.385
7.579 5.015

8.370
0 0
-2.467 4.349
7.500 5.164

8.385
0 0
-2.532 4.311
7.418 5.310

8.400
0 0
-2.596 4.273
7.334 5.454

8.415
0 0
-2.660 4.234
7.247 5.595

8.430
0 0
-2.723 4.193
7.157 5.734

8.445
0 0
-2.786 4.152
7.065 5.870

8.460
0 0
-2.848 4.110
6.971 6.003

8.475
0 0
-2.909 4.066
6.875 6.134

8.490
0 0
-2.970 4.022
6.776 6.262

8.505
0 0
-3.030 3.977
6.675 6.388

8.520
0 0
-3.089 3.931
6.572 6.511

8.535
0 0
-3.148 3.885
6.468 6.631

8.550
0 0
-3.206 3.837
6.361 6.748

8.565
0 0
-3.263 3.788
6.253 6.863

8.580
0 0
-3.319 3.739
6.143 6.974

8.595
0 0
-3.375 3.689
6.031 7.084

8.610
0 0
-3.430 3.638
5.918 7.190

8.625
0 0
-3.484 3.586
5.803 7.293

8.640
0 0
-3.538 3.533
5.687 7.394

8.655
0 0
-3.590 3.480
5.570 7.492

8.670
0 0
-3.642 3.426
5.451 7.587

8.685
0 0
-3.693 3.371
5.331 7.680

8.700
0 0
-3.743 3.315
5.210 7.769

8.715
0 0
-3.793 3.258
5.088 7.856

8.730
0 0
-3.841 3.201
4.965 7.940

8.745
0 0
-3.889 3.143
4.841 8.022

8.760
0 0
-3.935 3.084
4.716 8.101

8.775
0 0
-3.981 3.025
4.590 8.177

8.790
0 0
-4.026 2.965
4.463 8.250

8.805
0 0
-4.070 2.904
4.336 8.321

8.820
0 0
-4.113 2.843
4.208 8.389

8.835
0 0
-4.155 2.781
4.079 8.455

8.850
0 0
-4.197 2.718
3.950 8.517

8.865
0 0
-4.237 2.655
3.820 8.578

8.880
0 0
-4.276 2.591
3.690 8.636

8.895
0 0
-4.315 2.527
3.560 8.691

8.910
0 0
-4.352 2.462
3.429 8.743

8.925
0 0
-4.388 2.396
3.297 8.794

8.940
0 0
-4.424 2.330
3.166 8.841

8.955
0 0
-4.458 2.263
3.034 8.887

8.970
0 0
-4.492 2.196
2.902 8.930

8.985
0 0
-4.524 2.129
2.769 8.970

9.000
0 0
-4.556 2.061
2.637 9.008

9.015
0 0
-4.586 1.992
2.504 9.044

9.030
0 0
-4.615 1.923
2.371 9.077

9.045
0 0
-4.644 1.854
2.239 9.108

9.060
0 0
-4.671 1.784
2.106 9.137

9.075
0 0
-4.697 1.713
1.973 9.164

9.090
0 0
-4.722 1.643
1.840 9.188

9.105
0 0
-4.747 1.572
1.707 9.211

9.120
0 0
-4.770 1.500
1.574 9.231

9.135
0 0
-4.792 1.429
1.441 9.249

9.150
0 0
-4.812 1.357
1.309 9.264

9.165
0 0
-4.832 1.284
1.176 9.278

9.180
0 0
-4.851 1.212
1.043 9.290

9.195
0 0
-4.869 1.139
0.911 9.299

9.210
0 0
-4.885 1.066
0.779 9.307

9.225
0 0
-4.901 0.992
0.647 9.313

9.240
0 0
-4.915 0.919
0.515 9.316

9.255
0 0
-4.928 0.845
0.383 9.318

9.270
0 0
-4.940 0.771
0.251 9.318

9.285
0 0
-4.951 0.697
0.120 9.316

9.300
0 0
-4.961 0.622
-0.012 9.311

9.315
0 0
-4.970 0.548
-0.143 9.305

9.330
0 0
-4.978 0.473
-0.273 9.298

9.345
0 0
-4.984 0.398
-0.404 9.288

9.360
0 0
-4.990 0.324
-0.535 9.277

9.375
0 0
-4.994 0.249
-0.665 9.263

9.390
0 0
-4.997 0.174
-0.795 9.248

9.405
0 0
-4.999 0.099
-0.925 9.231

9.420
0 0
-5.000 0.024
-1.055 9.213

9.435
0 0
-5.000 -0.051
-1.184 9.192

9.450
0 0
-4.998 -0.126
-1.313 9.170

9.465
0 0
-4.996 -0.201
-1.442 9.146

9.480
0 0
-4.992 -0.276
-1.571 9.121

9.495
0 0
-4.988 -0.351
-1.700 9.093

9.510
0 0
-4.982 -0.426
-1.829 9.064

9.525
0 0
-4.975 -0.500
-1.957 9.033

9.540
0 0
-4.967 -0.575
-2.085 9.001

9.555
0 0
-4.958 -0.649
-2.213 8.967

9.570
0 0
-4.947 -0.724
-2.341 8.931

9.585
0 0
-4.936 -0.798
-2.469 8.893

9.600
0 0
-4.923 -0.872
-2.597 8.854

9.615
0 0
-4.910 -0.945
-2.724 8.813

9.630
0 0
-4.895 -1.019
-2.852 8.770

9.645
0 0
-4.879 -1.092
-2.979 8.726

9.660
0 0
-4.862 -1.165
-3.106 8.679

9.675
0 0
-4.844 -1.238
-3.234 8.631

9.690
0 0
-4.825 -1.311
-3.361 8.582

9.705
0 0
-4.805 -1.383
-3.488 8.530

9.720
0 0
-4.784 -1.455
-3.615 8.477

9.735
0 0
-4.761 -1.526
-3.742 8.422

9.750
0 0
-4.738 -1.598
-3.869 8.365

9.765
0 0
-4.713 -1.668
-3.995 8.306

9.780
0 0
-4.688 -1.739
-4.122 8.245

9.795
0 0
-4.661 -1.809
-4.249 8.182

9.810
0 0
-4.634 -1.879
-4.376 8.118

9.825
0 0
-4.605 -1.948
-4.503 8.051

9.840
0 0
-4.575 -2.017
-4.630 7.983

9.855
0 0
-4.544 -2.085
-4.756 7.912

9.870
0 0
-4.513 -2.153
-4.883 7.840

9.885
0 0
-4.480 -2.221
-5.010 7.765

9.900
0 0
-4.446 -2.288
-5.137 7.688

9.915
0 0
-4.411 -2.354
-5.263 7.610

9.930
0 0
-4.375 -2.420
-5.390 7.528

9.945
0 0
-4.339 -2.485
-5.517 7.445

9.960
0 0
-4.301 -2.550
-5.644 7.359

9.975
0 0
-4.262 -2.614
-5.771 7.271

9.990
0 0
-4.222 -2.678
-5.897 7.181

10.005
0 0
-4.182 -2.741
-6.024 7.088

10.020
0 0
-4.140 -2.803
-6.151 6.992

10.035
0 0
-4.098 -2.865
-6.277 6.894

10.050
0 0
-4.054 -2.926
-6.404 6.794

10.065
0 0
-4.010 -2.987
-6.530 6.690

10.080
0 0
-3.965 -3.047
-6.656 6.584

10.095
0 0
-3.918 -3.106
-6.782 6.475

10.110
0 0
-3.871 -3.164
-6.908 6.364

10.125
0 0
-3.823 -3.222
-7.033 6.249

10.140
0 0
-3.775 -3.279
-7.159 6.131

10.155
0 0
-3.725 -3.335
-7.284 6.010

10.170
0 0
-3.675 -3.391
-7.408 5.886

10.185
0 0
-3.623 -3.445
-7.532 5.759

10.200
0 0
-3.571 -3.499
-7.656 5.628

10.215
0 0
-3.518 -3.553
-7.779 5.494

10.230
0 0
-3.465 -3.605
-7.902 5.357

10.245
0 0
-3.410 -3.656
-8.024 5.216

10.260
0 0
-3.355 -3.707
-8.145 5.071

10.275
0 0
-3.299 -3.757
-8.265 4.923

10.290
0 0
-3.242 -3.806
-8.385 4.770

10.305
0 0
-3.185 -3.854
-8.503 4.614

10.320
0 0
-3.127 -3.902
-8.620 4.454

10.335
0 0
-3.068 -3.948
-8.736 4.290

10.350
0 0
-3.008 -3.994
-8.851 4.122

10.365
0 0
-2.948 -4.038
-8.964 3.949

10.380
0 0
-2.887 -4.082
-9.076 3.773

10.395
0 0
-2.826 -4.125
-9.186 3.591

10.410
0 0
-2.763 -4.167
-9.294 3.406

10.425
0 0
-2.701 -4.208
-9.400 3.216

10.440
0 0
-2.637 -4.248
-9.504 3.021

10.455
0 0
-2.573 -4.287
-9.606 2.822

10.470
0 0
-2.509 -4.325
-9.705 2.618

10.485
0 0
-2.443 -4.362
-9.802 2.409

10.500
0 0
-2.378 -4.398
-9.896 2.195

10.515
0 0
-2.311 -4.434
-9.986 1.977

10.530
0 0
-2.245 -4.468
-10.074 1.753

10.545
0 0
-2.177 -4.501
-10.158 1.525

10.560
0 0
-2.110 -4.533
-10.238 1.292

10.575
0 0
-2.041 -4.564
-10.315 1.053

10.590
0 0
-1.973 -4.594
-10.387 0.810

10.605
0 0
-1.904 -4.623
-10.455 0.561

10.620
0 0
-1.834 -4.651
-10.518 0.308

10.635
0 0
-1.764 -4.678
-10.576 0.049

10.650
0 0
-1.694 -4.704
-10.629 -0.214

10.665
0 0
-1.623 -4.729
-10.676 -0.483

10.680
0 0
-1.552 -4.753
-10.718 -0.756

10.695
0 0
-1.480 -4.776
-10.754 -1.034

10.710
0 0
-1.409 -4.798
-10.783 -1.317

10.725
0 0
-1.336 -4.818
-10.806 -1.605

10.740
0 0
-1.264 -4.838
-10.822 -1.897

10.755
0 0
-1.191 -4.856
-10.830 -2.194

10.770
0 0
-1.118 -4.873
-10.831 -2.495

10.785
0 0
-1.045 -4.890
-10.824 -2.800

10.800
0 0
-0.972 -4.905
-10.809 -3.109

10.815
0 0
-0.898 -4.919
-10.785 -3.422

10.830
0 0
-0.824 -4.932
-10.753 -3.738

10.845
0 0
-0.750 -4.943
-10.711 -4.058

10.860
0 0
-0.676 -4.954
-10.659 -4.381

10.875
0 0
-0.601 -4.964
-10.598 -4.706

10.890
0 0
-0.527 -4.972
-10.527 -5.034

10.905
0 0
-0.452 -4.980
-10.445 -5.364

10.920
0 0
-0.378 -4.986
-10.352 -5.696

10.935
0 0
-0.303 -4.991
-10.249 -6.030

10.950
0 0
-0.228 -4.995
-10.134 -6.364

10.965
0 0
-0.153 -4.998
-10.007 -6.699

10.980
0 0
-0.078 -4.999
-9.869 -7.034

10.995
0 0
-0.003 -5.000
-9.718 -7.369

11.010
0 0
0.072 -4.999
-9.555 -7.703

11.025
0 0
0.147 -4.998
-9.380 -8.036

11.040
0 0
0.222 -4.995
-9.192 -8.367

11.055
0 0
0.297 -4.991
-8.992 -8.696

11.070
0 0
0.372 -4.986
-8.778 -9.021

11.085
0 0
0.447 -4.980
-8.551 -9.343

11.100
0 0
0.521 -4.973
-8.312 -9.661

11.115
0 0
0.596 -4.964
-8.059 -9.974

11.130
0 0
0.670 -4.955
-7.793 -10.282

11.145
0 0
0.744 -4.944
-7.514 -10.584

11.160
0 0
0.818 -4.933
-7.221 -10.879

11.175
0 0
0.892 -4.920
-6.916 -11.167

11.190
0 0
0.966 -4.906
-6.598 -11.446

11.205
0 0
1.039 -4.891
-6.268 -11.717

11.220
0 0
1.113 -4.875
-5.925 -11.979

11.235
0 0
1.186 -4.857
-5.570 -12.230

11.250
0 0
1.258 -4.839
-5.203 -12.471

11.265
0 0
1.331 -4.820
-4.825 -12.701

11.280
0 0
1.403 -4.799
-4.435 -12.918

11.295
0 0
1.475 -4.778
-4.035 -13.123

11.310
0 0
1.546 -4.755
-3.624 -13.314

11.325
0 0
1.617 -4.731
-3.204 -13.492

11.340
0 0
1.688 -4.706
-2.775 -13.655

11.355
0 0
1.759 -4.680
-2.337 -13.803

11.370
0 0
1.829 -4.654
-1.891 -13.936

11.385
0 0
1.898 -4.626
-1.438 -14.053

11.400
0 0
1.967 -4.597
-0.978 -14.153

11.415
0 0
2.036 -4.567
-0.512 -14.236

11.430
0 0
2.104 -4.536
-0.041 -14.303

11.445
0 0
2.172 -4.503
0.434 -14.351

11.460
0 0
2.240 -4.470
0.912 -14.382

11.475
0 0
2.306 -4.436
1.394 -14.395

11.490
0 0
2.373 -4.401
1.877 -14.389

11.505
0 0
2.438 -4.365
2.362 -14.365

11.520
0 0
2.504 -4.328
2.846 -14.322

11.535
0 0
2.568 -4.290
3.330 -14.261

11.550
0 0
2.632 -4.251
3.812 -14.181

11.565
0 0
2.696 -4.211
4.292 -14.083

11.580
0 0
2.759 -4.170
4.769 -13.966

11.595
0 0
2.821 -4.128
5.241 -13.831

11.610
0 0
2.882 -4.086
5.708 -13.678

11.625
0 0
2.943 -4.042
6.169 -13.507

11.640
0 0
3.004 -3.997
6.624 -13.319

11.655
0 0
3.063 -3.952
7.071 -13.113

11.670
0 0
3.122 -3.905
7.510 -12.891

11.685
0 0
3.180 -3.858
7.940 -12.653

11.700
0 0
3.238 -3.810
8.360 -12.399

11.715
0 0
3.295 -3.761
8.770 -12.129

11.730
0 0
3.351 -3.711
9.168 -11.845

11.745
0 0
3.406 -3.660
9.555 -11.546

11.760
0 0
3.461 -3.609
9.930 -11.234

11.775
0 0
3.514 -3.557
10.292 -10.909

11.790
0 0
3.567 -3.503
10.641 -10.572

11.805
0 0
3.619 -3.450
10.975 -10.224

11.820
0 0
3.671 -3.395
11.296 -9.864

11.835
0 0
3.721 -3.339
11.602 -9.495

11.850
0 0
3.771 -3.283
11.894 -9.116

11.865
0 0
3.820 -3.226
12.170 -8.728

11.880
0 0
3.868 -3.169
12.431 -8.333

11.895
0 0
3.915 -3.110
12.677 -7.930

11.910
0 0
3.961 -3.051
12.906 -7.521

11.925
0 0
4.006 -2.991
13.121 -7.106

11.940
0 0
4.051 -2.931
13.319 -6.687

11.955
0 0
4.094 -2.870
13.501 -6.263

11.970
0 0
4.137 -2.808
13.668 -5.835

11.985
0 0
4.179 -2.746
13.818 -5.405

12.000
0 0
4.219 -2.683
13.954 -4.973

12.015
0 0
4.259 -2.619
14.073 -4.539

12.030
0 0
4.298 -2.555
14.177 -4.104

12.045
0 0
4.336 -2.490
14.266 -3.670

12.060
0 0
4.373 -2.425
14.340 -3.235

12.075
0 0
4.408 -2.359
14.399 -2.802

12.090
0 0
4.443 -2.293
14.443 -2.370

12.105
0 0
4.477 -2.226
14.473 -1.940

12.120
0 0
4.510 -2.158
14.489 -1.513

12.135
0 0
4.542 -2.091
14.492 -1.089

12.150
0 0
4.573 -2.022
14.481 -0.668

12.165
0 0
4.603 -1.953
14.457 -0.252

12.180
0 0
4.631 -1.884
14.420 0.160

12.195
0 0
4.659 -1.814
14.371 0.568

12.210
0 0
4.686 -1.744
14.310 0.970

12.225
0 0
4.711 -1.674
14.238 1.367

12.240
0 0
4.736 -1.603
14.154 1.758

12.255
0 0
4.760 -1.532
14.060 2.143

12.270
0 0
4.782 -1.460
13.955 2.521

12.285
0 0
4.803 -1.388
13.840 2.893

12.300
0 0
4.824 -1.316
13.716 3.258

12.315
0 0
4.843 -1.244
13.582 3.617

12.330
0 0
4.861 -1.171
13.440 3.968

12.345
0 0
4.878 -1.098
13.288 4.312

12.360
0 0
4.894 -1.025
13.129 4.648

12.375
0 0
4.909 -0.951
12.962 4.977

12.390
0 0
4.922 -0.877
12.788 5.298

12.405
0 0
4.935 -0.803
12.606 5.612

12.420
0 0
4.947 -0.729
12.418 5.917

12.435
0 0
4.957 -0.655
12.223 6.215

12.450
0 0
4.966 -0.581
12.023 6.505

12.465
0 0
4.974 -0.506
11.817 6.787

12.480
0 0
4.981 -0.431
11.605 7.061

12.495
0 0
4.987 -0.357
11.388 7.327

12.510
0 0
4.992 -0.282
11.166 7.585

12.525
0 0
4.996 -0.207
10.940 7.835

12.540
0 0
4.998 -0.132
10.710 8.077

12.555
0 0
5.000 -0.057
10.475 8.311

12.570
0 0
5.000 0.018
10.237 8.537

12.585
0 0
4.999 0.093
9.996 8.755

12.600
0 0
4.997 0.168
9.751 8.966

12.615
0 0
4.994 0.243
9.503 9.169

12.630
0 0
4.990 0.318
9.253 9.364

12.645
0 0
4.985 0.393
9.000 9.551

12.660
0 0
4.978 0.467
8.744 9.731

12.675
0 0
4.971 0.542
8.487 9.904

12.690
0 0
4.962 0.617
8.227 10.068

12.705
0 0
4.952 0.691
7.966 10.226

12.720
0 0
4.941 0.765
7.703 10.376

12.735
0 0
4.929 0.839
7.438 10.519

12.750
0 0
4.916 0.913
7.173 10.655

12.765
0 0
4.902 0.987
6.906 10.784

12.780
0 0
4.886 1.060
6.638 10.905

12.795
0 0
4.870 1.133
6.369 11.020

12.810
0 0
4.852 1.206
6.100 11.128

12.825
0 0
4.834 1.279
5.830 11.229

12.840
0 0
4.814 1.351
5.560 11.323

12.855
0 0
4.793 1.423
5.289 11.411

12.870
0 0
4.771 1.495
5.018 11.492

12.885
0 0
4.748 1.566
4.747 11.566

12.900
0 0
4.724 1.637
4.476 11.634

12.915
0 0
4.699 1.708
4.205 11.696

12.930
0 0
4.673 1.778
3.934 11.751

12.945
0 0
4.646 1.848
3.664 11.800

12.960
0 0
4.618 1.918
3.394 11.843

12.975
0 0
4.588 1.987
3.124 11.879

12.990
0 0
4.558 2.055
2.855 11.909

13.005
0 0
4.527 2.123
2.587 11.934

13.020
0 0
4.494 2.191
2.320 11.952

13.035
0 0
4.461 2.258
2.053 11.964

13.050
0 0
4.427 2.325
1.787 11.970

13.065
0 0
4.391 2.391
1.523 11.971

13.080
0 0
4.355 2.457
1.259 11.965

13.095
0 0
4.317 2.522
0.997 11.954

13.110
0 0
4.279 2.586
0.735 11.937

13.125
0 0
4.240 2.650
0.476 11.915

13.140
0 0
4.200 2.713
0.217 11.886

13.155
0 0
4.159 2.776
-0.040 11.852

13.170
0 0
4.116 2.838
-0.295 11.812

13.185
0 0
4.073 2.900
-0.549 11.767

13.200
0 0
4.029 2.960
-0.801 11.716

13.215
0 0
3.985 3.020
-1.051 11.660

13.230
0 0
3.939 3.080
-1.299 11.598

13.245
0 0
3.892 3.139
-1.545 11.531

13.260
0 0
3.845 3.197
-1.789 11.458

13.275
0 0
3.796 3.254
-2.031 11.380

13.290
0 0
3.747 3.311
-2.271 11.297

13.305
0 0
3.697 3.366
-2.508 11.208

13.320
0 0
3.646 3.421
-2.743 11.114

13.335
0 0
3.594 3.476
-2.976 11.015

13.350
0 0
3.542 3.529
-3.205 10.910

13.365
0 0
3.488 3.582
-3.432 10.800

13.380
0 0
3.434 3.634
-3.656 10.685

13.395
0 0
3.379 3.685
-3.877 10.565

13.410
0 0
3.324 3.735
-4.095 10.440

13.425
0 0
3.267 3.785
-4.310 10.310

13.440
0 0
3.210 3.833
-4.522 10.175

13.455
0 0
3.152 3.881
-4.730 10.034

13.470
0 0
3.094 3.928
-4.935 9.889

13.485
0 0
3.035 3.974
-5.136 9.739

13.500
0 0
2.975 4.019
-5.334 9.584

13.515
0 0
2.914 4.063
-5.527 9.425

13.530
0 0
2.853 4.106
-5.717 9.260

13.545
0 0
2.791 4.149
-5.902 9.091

13.560
0 0
2.728 4.190
-6.084 8.917

13.575
0 0
2.665 4.231
-6.261 8.739

13.590
0 0
2.601 4.270
-6.433 8.557

13.605
0 0
2.537 4.309
-6.601 8.370

13.620
0 0
2.472 4.346
-6.764 8.178

13.635
0 0
2.407 4.383
-6.923 7.983

13.650
0 0
2.341 4.418
-7.076 7.783

13.665
0 0
2.274 4.453
-7.225 7.579

13.680
0 0
2.207 4.487
-7.368 7.372

13.695
0 0
2.139 4.519
-7.505 7.160

13.710
0 0
2.071 4.551
-7.638 6.945

13.725
0 0
2.003 4.581
-7.764 6.726

13.740
0 0
1.934 4.611
-7.885 6.504

13.755
0 0
1.865 4.639
-8.000 6.279

13.770
0 0
1.795 4.667
-8.109 6.050

13.785
0 0
1.725 4.693
-8.212 5.818

13.800
0 0
1.654 4.718
-8.308 5.583

13.815
0 0
1.583 4.743
-8.399 5.346

13.830
0 0
1.512 4.766
-8.482 5.106

13.845
0 0
1.440 4.788
-8.560 4.863

13.860
0 0
1.368 4.809
-8.630 4.618

13.875
0 0
1.296 4.829
-8.694 4.371

13.890
0 0
1.223 4.848
-8.750 4.123

13.905
0 0
1.150 4.866
-8.800 3.872

13.920
0 0
1.077 4.883
-8.843 3.620

13.935
0 0
1.004 4.898
-8.878 3.367

13.950
0 0
0.930 4.913
-8.906 3.113

13.965
0 0
0.857 4.926
-8.927 2.857

13.980
0 0
0.783 4.938
-8.941 2.602

13.995
0 0
0.708 4.950
-8.947 2.345

14.010
0 0
0.634 4.960
-8.945 2.089

14.025
0 0
0.560 4.969
-8.936 1.833

14.040
0 0
0.485 4.976
-8.919 1.577

14.055
0 0
0.410 4.983
-8.895 1.321

14.070
0 0
0.336 4.989
-8.863 1.066

14.085
0 0
0.261 4.993
-8.823 0.813

14.100
0 0
0.186 4.997
-8.776 0.560

14.115
0 0
0.111 4.999
-8.721 0.309

14.130
0 0
0.036 5.000
-8.659 0.060

14.145
0 0
-0.039 5.000
-8.589 -0.187

14.160
0 0
-0.114 4.999
-8.512 -0.431

14.175
0 0
-0.189 4.996
-8.427 -0.673

14.190
0 0
-0.264 4.993
-8.334 -0.912

14.205
0 0
-0.339 4.989
-8.235 -1.148

14.220
0 0
-0.414 4.983
-8.128 -1.380

14.235
0 0
-0.488 4.976
-8.014 -1.609

14.250
0 0
-0.563 4.968
-7.893 -1.834

14.265
0 0
-0.637 4.959
-7.765 -2.055

14.280
0 0
-0.712 4.949
-7.630 -2.271

14.295
0 0
-0.786 4.938
-7.489 -2.483

14.310
0 0
-0.860 4.926
-7.341 -2.690

14.325
0 0
-0.934 4.912
-7.187 -2.891

14.340
0 0
-1.007 4.897
-7.027 -3.087

14.355
0 0
-1.081 4.882
-6.861 -3.278

14.370
0 0
-1.154 4.865
-6.690 -3.463

14.385
0 0
-1.227 4.847
-6.513 -3.641

14.400
0 0
-1.299 4.828
-6.330 -3.814

14.415
0 0
-1.371 4.808
-6.143 -3.980

14.430
0 0
-1.443 4.787
-5.951 -4.139

14.445
0 0
-1.515 4.765
-5.754 -4.292

14.460
0 0
-1.586 4.742
-5.553 -4.438

14.475
0 0
-1.657 4.717
-5.348 -4.576

14.490
0 0
-1.728 4.692
-5.140 -4.708

14.505
0 0
-1.798 4.666
-4.927 -4.832

14.520
0 0
-1.868 4.638
-4.712 -4.949

14.535
0 0
-1.937 4.610
-4.494 -5.058

14.550
0 0
-2.006 4.580
-4.273 -5.160

14.565
0 0
-2.075 4.549
-4.050 -5.254

14.580
0 0
-2.143 4.518
-3.825 -5.340

14.595
0 0
-2.210 4.485
-3.598 -5.418

14.610
0 0
-2.277 4.451
-3.370 -5.489

14.625
0 0
-2.344 4.417
-3.140 -5.551

14.640
0 0
-2.410 4.381
-2.910 -5.606

14.655
0 0
-2.475 4.344
-2.679 -5.653

14.670
0 0
-2.540 4.307
-2.448 -5.693

14.685
0 0
-2.604 4.268
-2.218 -5.724

14.700
0 0
-2.668 4.229
-1.987 -5.748

14.715
0 0
-2.731 4.188
-1.757 -5.764

14.730
0 0
-2.794 4.147
-1.529 -5.773

14.745
0 0
-2.855 4.104
-1.301 -5.774

14.760
0 0
-2.917 4.061
-1.075 -5.768

14.775
0 0
-2.977 4.017
-0.851 -5.754

14.790
0 0
-3.037 3.972
-0.628 -5.734

14.805
0 0
-3.096 3.926
-0.408 -5.706

14.820
0 0
-3.155 3.879
-0.191 -5.672

14.835
0 0
-3.213 3.831
0.024 -5.631

14.850
0 0
-3.270 3.783
0.235 -5.583

14.865
0 0
-3.326 3.733
0.444 -5.529

14.880
0 0
-3.382 3.683
0.649 -5.469

14.895
0 0
-3.437 3.632
0.851 -5.403

14.910
0 0
-3.491 3.580
1.048 -5.331

14.925
0 0
-3.544 3.527
1.242 -5.253

14.940
0 0
-3.597 3.473
1.432 -5.170

14.955
0 0
-3.648 3.419
1.617 -5.083

14.970
0 0
-3.699 3.364
1.798 -4.990

14.985
0 0
-3.749 3.308
1.974 -4.892

15.000
0 0
-3.798 3.251
2.146 -4.790

15.015
0 0
-3.847 3.194
2.313 -4.684

15.030
0 0
-3.894 3.136
2.475 -4.573

15.045
0 0
-3.941 3.077
2.632 -4.459

15.060
0 0
-3.987 3.018
2.784 -4.341

15.075
0 0
-4.031 2.958
2.931 -4.220

15.090
0 0
-4.075 2.897
3.073 -4.096

15.105
0 0
-4.118 2.835
3.210 -3.969

15.120
0 0
-4.160 2.773
3.341 -3.839

15.135
0 0
-4.201 2.711
3.467 -3.707

15.150
0 0
-4.242 2.647
3.588 -3.573

15.165
0 0
-4.281 2.583
3.704 -3.437

15.180
0 0
-4.319 2.519
3.814 -3.299

15.195
0 0
-4.356 2.454
3.920 -3.159

15.210
0 0
-4.393 2.388
4.020 -3.018

15.225
0 0
-4.428 2.322
4.115 -2.876

15.240
0 0
-4.462 2.255
4.204 -2.734

15.255
0 0
-4.496 2.188
4.289 -2.590

15.270
0 0
-4.528 2.120
4.368 -2.446

15.285
0 0
-4.559 2.052
4.443 -2.301

15.300
0 0
-4.590 1.984
4.513 -2.157

15.315
0 0
-4.619 1.915
4.578 -2.012

15.330
0 0
-4.647 1.845
4.638 -1.868

15.345
0 0
-4.674 1.775
4.694 -1.724

15.360
0 0
-4.700 1.705
4.745 -1.580

15.375
0 0
-4.725 1.634
4.791 -1.437

15.390
0 0
-4.749 1.563
4.833 -1.295

15.405
0 0
-4.772 1.492
4.871 -1.154

15.420
0 0
-4.794 1.420
4.905 -1.014

15.435
0 0
-4.815 1.348
4.935 -0.875

15.450
0 0
-4.835 1.276
4.961 -0.738

15.465
0 0
-4.853 1.203
4.983 -0.602

15.480
0 0
-4.871 1.130
5.001 -0.467

15.495
0 0
-4.887 1.057
5.016 -0.334

15.510
0 0
-4.902 0.983
5.027 -0.203

15.525
0 0
-4.917 0.910
5.035 -0.073

15.540
0 0
-4.930 0.836
5.040 0.054

15.555
0 0
-4.942 0.762
5.041 0.180

15.570
0 0
-4.952 0.688
5.040 0.303

15.585
0 0
-4.962 0.613
5.036 0.425

15.600
0 0
-4.971 0.539
5.029 0.544

15.615
0 0
-4.978 0.464
5.020 0.661

15.630
0 0
-4.985 0.389
5.008 0.776

15.645
0 0
-4.990 0.315
4.993 0.888

15.660
0 0
-4.994 0.240
4.977 0.998

15.675
0 0
-4.997 0.165
4.958 1.106

15.690
0 0
-4.999 0.090
4.938 1.212

15.705
0 0
-5.000 0.015
4.915 1.315

15.720
0 0
-5.000 -0.060
4.891 1.415

15.735
0 0
-4.998 -0.135
4.865 1.513

15.750
0 0
-4.996 -0.210
4.838 1.609

15.765
0 0
-4.992 -0.285
4.809 1.702

15.780
0 0
-4.987 -0.360
4.779 1.793

15.795
0 0
-4.981 -0.435
4.747 1.881

15.810
0 0
-4.974 -0.509
4.715 1.966

15.825
0 0
-4.966 -0.584
4.681 2.050

15.840
0 0
-4.956 -0.658
4.647 2.130

15.855
0 0
-4.946 -0.733
4.612 2.209

15.870
0 0
-4.935 -0.807
4.576 2.285

15.885
0 0
-4.922 -0.881
4.539 2.358

15.900
0 0
-4.908 -0.954
4.502 2.429

15.915
0 0
-4.893 -1.028
4.465 2.498

15.930
0 0
-4.877 -1.101
4.427 2.564

15.945
0 0
-4.860 -1.174
4.389 2.628

15.960
0 0
-4.842 -1.247
4.350 2.690

15.975
0 0
-4.823 -1.319
4.312 2.750

15.990
0 0
-4.802 -1.392
4.273 2.807

16.005
0 0
-4.781 -1.463
4.235 2.862

16.020
0 0
-4.759 -1.535
4.197 2.915

16.035
0 0
-4.735 -1.606
4.159 2.966

16.050
0 0
-4.710 -1.677
4.121 3.015

16.065
0 0
-4.685 -1.747
4.083 3.061

16.080
0 0
-4.658 -1.818
4.046 3.106

16.095
0 0
-4.630 -1.887
4.009 3.149

16.110
0 0
-4.601 -1.956
3.973 3.189

16.125
0 0
-4.571 -2.025
3.937 3.228

16.140
0 0
-4.541 -2.094
3.902 3.265

16.155
0 0
-4.509 -2.161
3.868 3.301

16.170
0 0
-4.476 -2.229
3.834 3.334

16.185
0 0
-4.442 -2.296
3.801 3.366

16.200
0 0
-4.407 -2.362
3.769 3.396

16.215
0 0
-4.371 -2.428
3.738 3.425

16.230
0 0
-4.334 -2.493
3.707 3.452

16.245
0 0
-4.296 -2.558
3.678 3.477

16.260
0 0
-4.257 -2.622
3.649 3.501

16.275
0 0
-4.217 -2.686
3.621 3.523

16.290
0 0
-4.177 -2.749
3.595 3.544

16.305
0 0
-4.135 -2.811
3.569 3.564

16.320
0 0
-4.092 -2.873
3.545 3.583

16.335
0 0
-4.049 -2.934
3.522 3.600

16.350
0 0
-4.004 -2.994
3.500 3.616

16.365
0 0
-3.959 -3.054
3.479 3.631

16.380
0 0
-3.913 -3.113
3.459 3.644

16.395
0 0
-3.866 -3.171
3.440 3.657

16.410
0 0
-3.818 -3.229
3.423 3.668

16.425
0 0
-3.769 -3.286
3.407 3.679

16.440
0 0
-3.719 -3.342
3.392 3.688

16.455
0 0
-3.669 -3.397
3.379 3.697

16.470
0 0
-3.617 -3.452
3.367 3.705

16.485
0 0
-3.565 -3.506
3.356 3.712

16.500
0 0
-3.512 -3.559
3.347 3.718

16.515
0 0
-3.458 -3.611
3.339 3.723

16.530
0 0
-3.404 -3.663
3.333 3.728

16.545
0 0
-3.348 -3.713
3.327 3.732

16.560
0 0
-3.292 -3.763
3.324 3.736

16.575
0 0
-3.235 -3.812
3.321 3.738

16.590
0 0
-3.178 -3.860
3.320 3.741

16.605
0 0
-3.120 -3.907
3.321 3.742

16.620
0 0
-3.061 -3.954
3.323 3.743

16.635
0 0
-3.001 -3.999
3.327 3.744

16.650
0 0
-2.941 -4.044
3.331 3.745

16.665
0 0
-2.880 -4.087
3.338 3.745

16.680
0 0
-2.818 -4.130
3.346 3.744

16.695
0 0
-2.756 -4.172
3.355 3.744

16.710
0 0
-2.693 -4.213
3.366 3.743

16.725
0 0
-2.629 -4.253
3.378 3.741

16.740
0 0
-2.565 -4.292
3.392 3.740

16.755
0 0
-2.501 -4.330
3.408 3.738

16.770
0 0
-2.435 -4.367
3.425 3.736

16.785
0 0
-2.370 -4.403
3.443 3.734

16.800
0 0
-2.303 -4.438
3.463 3.732

16.815
0 0
-2.237 -4.472
3.484 3.730

16.830
0 0
-2.169 -4.505
3.507 3.728

16.845
0 0
-2.101 -4.537
3.531 3.726

16.860
0 0
-2.033 -4.568
3.557 3.724

16.875
0 0
-1.964 -4.598
3.585 3.721

16.890
0 0
-1.895 -4.627
3.613 3.719

16.905
0 0
-1.826 -4.655
3.644 3.717

16.920
0 0
-1.756 -4.682
3.676 3.715

16.935
0 0
-1.685 -4.707
3.709 3.713

16.950
0 0
-1.614 -4.732
3.744 3.711

16.965
0 0
-1.543 -4.756
3.780 3.709

16.980
0 0
-1.472 -4.779
3.818 3.708

16.995
0 0
-1.400 -4.800
3.857 3.706

17.010
0 0
-1.328 -4.821
3.898 3.705

17.025
0 0
-1.255 -4.840
3.941 3.704

17.040
0 0
-1.182 -4.858
3.984 3.704

17.055
0 0
-1.109 -4.875
4.030 3.703

17.070
0 0
-1.036 -4.891
4.076 3.703

17.085
0 0
-0.963 -4.906
4.125 3.703

17.100
0 0
-0.889 -4.920
4.174 3.703

17.115
0 0
-0.815 -4.933
4.225 3.704

17.130
0 0
-0.741 -4.945
4.278 3.704

17.145
0 0
-0.667 -4.955
4.332 3.706

17.160
0 0
-0.592 -4.965
4.387 3.707

17.175
0 0
-0.518 -4.973
4.444 3.709

17.190
0 0
-0.443 -4.980
4.503 3.711

17.205
0 0
-0.368 -4.986
4.563 3.713

17.220
0 0
-0.294 -4.991
4.624 3.716

17.235
0 0
-0.219 -4.995
4.687 3.719

17.250
0 0
-0.144 -4.998
4.751 3.722

17.265
0 0
-0.069 -5.000
4.816 3.726

17.280
0 0
0.006 -5.000
4.883 3.730

17.295
0 0
0.081 -4.999
4.952 3.734

17.310
0 0
0.156 -4.998
5.022 3.739

17.325
0 0
0.231 -4.995
5.093 3.744

17.340
0 0
0.306 -4.991
5.165 3.749

17.355
0 0
0.381 -4.985
5.239 3.755

17.370
0 0
0.456 -4.979
5.315 3.761

17.385
0 0
0.530 -4.972
5.392 3.767

17.400
0 0
0.605 -4.963
5.470 3.773

17.415
0 0
0.679 -4.954
5.549 3.780

17.430
0 0
0.753 -4.943
5.630 3.787

17.445
0 0
0.827 -4.931
5.713 3.794

17.460
0 0
0.901 -4.918
5.796 3.802

17.475
0 0
0.975 -4.904
5.882 3.809

17.490
0 0
1.048 -4.889
5.968 3.817

17.505
0 0
1.122 -4.873
6.056 3.825

17.520
0 0
1.195 -4.855
6.145 3.834

17.535
0 0
1.267 -4.837
6.235 3.842

17.550
0 0
1.340 -4.817
6.327 3.850

17.565
0 0
1.412 -4.797
6.420 3.859

17.580
0 0
1.484 -4.775
6.515 3.867

17.595
0 0
1.555 -4.752
6.610 3.876

17.610
0 0
1.626 -4.728
6.707 3.885

17.625
0 0
1.697 -4.703
6.806 3.893

17.640
0 0
1.767 -4.677
6.905 3.902

17.655
0 0
1.837 -4.650
7.006 3.910

17.670
0 0
1.907 -4.622
7.108 3.919

17.685
0 0
1.976 -4.593
7.211 3.927

17.700
0 0
2.044 -4.563
7.316 3.935

17.715
0 0
2.113 -4.532
7.422 3.942

17.730
0 0
2.180 -4.500
7.529 3.950

17.745
0 0
2.248 -4.466
7.637 3.957

17.760
0 0
2.314 -4.432
7.747 3.964

17.775
0 0
2.381 -4.397
7.857 3.970

17.790
0 0
2.446 -4.361
7.969 3.976

17.805
0 0
2.511 -4.324
8.082 3.981

17.820
0 0
2.576 -4.285
8.196 3.986

17.835
0 0
2.640 -4.246
8.311 3.990

17.850
0 0
2.703 -4.206
8.427 3.994

17.865
0 0
2.766 -4.165
8.544 3.997

17.880
0 0
2.828 -4.123
8.662 3.999

17.895
0 0
2.890 -4.080
8.781 4.000

17.910
0 0
2.951 -4.036
8.901 4.000

17.925
0 0
3.011 -3.992
9.022 4.000

17.940
0 0
3.070 -3.946
9.144 3.998

17.955
0 0
3.129 -3.900
9.267 3.995

17.970
0 0
3.187 -3.852
9.391 3.991

17.985
0 0
3.245 -3.804
9.515 3.986

18.000
0 0
3.302 -3.755
9.640 3.980

18.015
0 0
3.358 -3.705
9.766 3.972

18.030
0 0
3.413 -3.654
9.892 3.963

18.045
0 0
3.467 -3.603
10.019 3.952

18.060
0 0
3.521 -3.550
10.147 3.940

18.075
0 0
3.574 -3.497
10.275 3.926

18.090
0 0
3.626 -3.443
10.403 3.910

18.105
0 0
3.677 -3.388
10.532 3.892

18.120
0 0
3.727 -3.333
10.661 3.873

18.135
0 0
3.777 -3.276
10.791 3.851

18.150
0 0
3.826 -3.219
10.920 3.828

18.165
0 0
3.873 -3.162
11.050 3.802

18.180
0 0
3.920 -3.103
11.180 3.775

18.195
0 0
3.967 -3.044
11.309 3.745

18.210
0 0
4.012 -2.984
11.439 3.712

18.225
0 0
4.056 -2.924
11.568 3.677

18.240
0 0
4.100 -2.863
11.697 3.640

18.255
0 0
4.142 -2.801
11.825 3.600

18.270
0 0
4.184 -2.738
11.953 3.558

18.285
0 0
4.224 -2.675
12.080 3.512

18.300
0 0
4.264 -2.612
12.206 3.464

18.315
0 0
4.302 -2.547
12.332 3.413

18.330
0 0
4.340 -2.482
12.457 3.359

18.345
0 0
4.377 -2.417
12.580 3.302

18.360
0 0
4.413 -2.351
12.702 3.242

18.375
0 0
4.447 -2.285
12.823 3.179

18.390
0 0
4.481 -2.218
12.942 3.113

18.405
0 0
4.514 -2.150
13.060 3.043

18.420
0 0
4.546 -2.082
13.176 2.970

18.435
0 0
4.576 -2.014
13.289 2.894

18.450
0 0
4.606 -1.945
13.401 2.814

18.465
0 0
4.635 -1.876
13.511 2.731

18.480
0 0
4.662 -1.806
13.618 2.644

18.495
0 0
4.689 -1.736
13.722 2.554

18.510
0 0
4.715 -1.665
13.824 2.460

18.525
0 0
4.739 -1.594
13.922 2.363

18.540
0 0
4.762 -1.523
14.018 2.263

18.555
0 0
4.785 -1.452
14.110 2.158

18.570
0 0
4.806 -1.380
14.199 2.050

18.585
0 0
4.826 -1.307
14.284 1.939

18.600
0 0
4.845 -1.235
14.366 1.824

18.615
0 0
4.863 -1.162
14.443 1.706

18.630
0 0
4.880 -1.089
14.516 1.584

18.645
0 0
4.896 -1.016
14.585 1.459

18.660
0 0
4.910 -0.942
14.649 1.330

18.675
0 0
4.924 -0.868
14.708 1.198

18.690
0 0
4.936 -0.794
14.763 1.063

18.705
0 0
4.948 -0.720
14.812 0.924

18.720
0 0
4.958 -0.646
14.856 0.783

18.735
0 0
4.967 -0.572
14.894 0.638

18.750
0 0
4.975 -0.497
14.926 0.491

18.765
0 0
4.982 -0.422
14.953 0.340

18.780
0 0
4.988 -0.347
14.974 0.187

18.795
0 0
4.993 -0.273
14.988 0.032

18.810
0 0
4.996 -0.198
14.996 -0.126

18.825
0 0
4.998 -0.123
14.997 -0.286

18.840
0 0
5.000 -0.048
14.992 -0.448

18.855
0 0
5.000 0.027
14.979 -0.612

18.870
0 0
4.999 0.102
14.960 -0.778

18.885
0 0
4.997 0.177
14.934 -0.946

18.900
0 0
4.994 0.252
14.900 -1.115

18.915
0 0
4.989 0.327
14.859 -1.285

18.930
0 0
4.984 0.402
14.810 -1.456

18.945
0 0
4.977 0.476
14.753 -1.628

18.960
0 0
4.970 0.551
14.689 -1.800

18.975
0 0
4.961 0.626
14.617 -1.973

18.990
0 0
4.951 0.700
14.537 -2.145

19.005
0 0
4.940 0.774
14.450 -2.318

19.020
0 0
4.928 0.848
14.354 -2.490

19.035
0 0
4.914 0.922
14.250 -2.662

19.050
0 0
4.900 0.996
14.138 -2.833

19.065
0 0
4.884 1.069
14.018 -3.002

19.080
0 0
4.868 1.142
13.890 -3.170

19.095
0 0
4.850 1.215
13.754 -3.337

19.110
0 0
4.831 1.288
13.610 -3.501

19.125
0 0
4.812 1.360
13.458 -3.664

19.140
0 0
4.791 1.432
13.298 -3.824

19.155
0 0
4.769 1.504
13.130 -3.981

19.170
0 0
4.745 1.575
12.954 -4.136

19.185
0 0
4.721 1.646
12.771 -4.287

19.200
0 0
4.696 1.717
12.580 -4.435

19.215
0 0
4.670 1.787
12.381 -4.580

19.230
0 0
4.642 1.857
12.175 -4.720

19.245
0 0
4.614 1.926
11.962 -4.856

19.260
0 0
4.585 1.995
11.742 -4.989

19.275
0 0
4.554 2.064
11.515 -5.116

19.290
0 0
4.523 2.132
11.281 -5.239

19.305
0 0
4.490 2.199
11.041 -5.357

19.320
0 0
4.457 2.266
10.794 -5.469

19.335
0 0
4.422 2.333
10.541 -5.577

19.350
0 0
4.387 2.399
10.282 -5.678

19.365
0 0
4.350 2.465
10.017 -5.775

19.380
0 0
4.313 2.530
9.747 -5.865

19.395
0 0
4.274 2.594
9.472 -5.949

19.410
0 0
4.235 2.658
9.191 -6.028

19.425
0 0
4.195 2.721
8.906 -6.100

19.440
0 0
4.153 2.784
8.616 -6.166

19.455
0 0
4.111 2.846
8.321 -6.225

19.470
0 0
4.068 2.907
8.023 -6.278

19.485
0 0
4.024 2.968
7.721 -6.324

19.500
0 0
3.979 3.028
7.415 -6.363

19.515
0 0
3.933 3.087
7.106 -6.396

19.530
0 0
3.886 3.146
6.795 -6.422

19.545
0 0
3.839 3.204
6.480 -6.441

19.560
0 0
3.790 3.261
6.163 -6.454

19.575
0 0
3.741 3.317
5.843 -6.459

19.590
0 0
3.691 3.373
5.522 -6.458

19.605
0 0
3.640 3.428
5.199 -6.450

19.620
0 0
3.588 3.482
4.875 -6.435

19.635
0 0
3.535 3.536
4.549 -6.413

19.650
0 0
3.482 3.588
4.222 -6.384

19.665
0 0
3.428 3.640
3.895 -6.349

19.680
0 0
3.373 3.691
3.568 -6.307

19.695
0 0
3.317 3.741
3.240 -6.258

19.710
0 0
3.261 3.791
2.912 -6.203

19.725
0 0
3.203 3.839
2.585 -6.142

19.740
0 0
3.145 3.887
2.258 -6.074

19.755
0 0
3.087 3.933
1.932 -6.000

19.770
0 0
3.027 3.979
1.606 -5.919

19.785
0 0
2.967 4.024
1.282 -5.833

19.800
0 0
2.907 4.068
0.960 -5.740

19.815
0 0
2.845 4.112
0.639 -5.642

19.830
0 0
2.783 4.154
0.320 -5.538

19.845
0 0
2.721 4.195
0.002 -5.428

19.860
0 0
2.657 4.235
-0.313 -5.313

19.875
0 0
2.594 4.275
-0.625 -5.193

19.890
0 0
2.529 4.313
-0.936 -5.067

19.905
0 0
2.464 4.351
-1.243 -4.937

19.920
0 0
2.399 4.387
-1.548 -4.801

19.935
0 0
2.333 4.423
-1.850 -4.661

19.950
0 0
2.266 4.457
-2.148 -4.516

19.965
0 0
2.199 4.491
-2.443 -4.367

19.980
0 0
2.131 4.523
-2.735 -4.213

19.995
0 0
2.063 4.554
-3.024 -4.055

20.010
0 0
1.995 4.585
-3.308 -3.893

20.025
0 0
1.926 4.614
-3.589 -3.728

20.040
0 0
1.856 4.643
-3.866 -3.558

20.055
0 0
1.786 4.670
-4.139 -3.385

20.070
0 0
1.716 4.696
-4.408 -3.209

20.085
0 0
1.646 4.721
-4.673 -3.030

20.100
0 0
1.575 4.746
-4.933 -2.847

20.115
0 0
1.503 4.769
-5.189 -2.662

20.130
0 0
1.431 4.791
-5.441 -2.474

20.145
0 0
1.359 4.812
-5.688 -2.283

20.160
0 0
1.287 4.831
-5.931 -2.090

20.175
0 0
1.214 4.850
-6.168 -1.895

20.190
0 0
1.142 4.868
-6.402 -1.697

20.205
0 0
1.068 4.885
-6.630 -1.498

20.220
0 0
0.995 4.900
-6.854 -1.297

20.235
0 0
0.921 4.914
-7.072 -1.094

20.250
0 0
0.848 4.928
-7.286 -0.890

20.265
0 0
0.774 4.940
-7.495 -0.684

20.280
0 0
0.699 4.951
-7.699 -0.477

20.295
0 0
0.625 4.961
-7.898 -0.269

20.310
0 0
0.551 4.970
-8.092 -0.061

20.325
0 0
0.476 4.977
-8.281 0.149

20.340
0 0
0.401 4.984
-8.465 0.359

20.355
0 0
0.327 4.989
-8.643 0.569

20.370
0 0
0.252 4.994
-8.817 0.780

20.385
0 0
0.177 4.997
-8.986 0.991

20.400
0 0
0.102 4.999
-9.149 1.201

20.415
0 0
0.027 5.000
-9.307 1.412

20.430
0 0
-0.048 5.000
-9.461 1.623

20.445
0 0
-0.123 4.998
-9.609 1.833

20.460
0 0
-0.198 4.996
-9.752 2.043

20.475
0 0
-0.273 4.993
-9.890 2.252

20.490
0 0
-0.348 4.988
-10.023 2.460

20.505
0 0
-0.423 4.982
-10.151 2.667

20.520
0 0
-0.497 4.975
-10.274 2.873

20.535
0 0
-0.572 4.967
-10.392 3.079

20.550
0 0
-0.646 4.958
-10.505 3.282

20.565
0 0
-0.721 4.948
-10.613 3.485

20.580
0 0
-0.795 4.936
-10.716 3.686

20.595
0 0
-0.869 4.924
-10.815 3.886

20.610
0 0
-0.943 4.910
-10.908 4.083

20.625
0 0
-1.016 4.896
-10.997 4.279

20.640
0 0
-1.089 4.880
-11.081 4.473

20.655
0 0
-1.163 4.863
-11.161 4.665

20.670
0 0
-1.235 4.845
-11.235 4.855

20.685
0 0
-1.308 4.826
-11.305 5.043

20.700
0 0
-1.380 4.806
-11.371 5.228

20.715
0 0
-1.452 4.785
-11.432 5.411

20.730
0 0
-1.524 4.762
-11.489 5.592

20.745
0 0
-1.595 4.739
-11.542 5.770

20.760
0 0
-1.666 4.714
-11.590 5.945

20.775
0 0
-1.736 4.689
-11.634 6.118

20.790
0 0
-1.806 4.662
-11.673 6.287

20.805
0 0
-1.876 4.635
-11.709 6.454

20.820
0 0
-1.945 4.606
-11.741 6.618

20.835
0 0
-2.014 4.576
-11.769 6.779

20.850
0 0
-2.083 4.546
-11.793 6.937

20.865
0 0
-2.151 4.514
-11.813 7.092

20.880
0 0
-2.218 4.481
-11.829 7.243

20.895
0 0
-2.285 4.447
-11.842 7.391

20.910
0 0
-2.352 4.412
-11.851 7.536

20.925
0 0
-2.417 4.377
-11.857 7.678

20.940
0 0
-2.483 4.340
-11.859 7.816

20.955
0 0
-2.548 4.302
-11.858 7.951

20.970
0 0
-2.612 4.264
-11.854 8.082

20.985
0 0
-2.676 4.224
-11.847 8.210

21.000
0 0
-2.739 4.183
-11.836 8.334

21.015
0 0
-2.801 4.142
-11.823 8.455

21.030
0 0
-2.863 4.099
-11.807 8.572

21.045
0 0
-2.924 4.056
-11.788 8.686

21.060
0 0
-2.985 4.012
-11.766 8.795

21.075
0 0
-3.044 3.966
-11.742 8.902

21.090
0 0
-3.104 3.920
-11.715 9.004

21.105
0 0
-3.162 3.873
-11.685 9.103

21.120
0 0
-3.220 3.825
-11.654 9.198

21.135
0 0
-3.277 3.777
-11.620 9.290

21.150
0 0
-3.333 3.727
-11.583 9.378

21.165
0 0
-3.389 3.677
-11.545 9.462

21.180
0 0
-3.443 3.625
-11.505 9.543

21.195
0 0
-3.497 3.573
-11.462 9.620

21.210
0 0
-3.551 3.520
-11.418 9.693

21.225
0 0
-3.603 3.467
-11.372 9.763

21.240
0 0
-3.655 3.412
-11.325 9.829

21.255
0 0
-3.705 3.357
-11.275 9.891

21.270
0 0
-3.755 3.301
-11.224 9.950

21.285
0 0
-3.804 3.245
-11.172 10.006

21.300
0 0
-3.853 3.187
-11.118 10.058

21.315
0 0
-3.900 3.129
-11.063 10.107

21.330
0 0
-3.946 3.070
-11.007 10.152

21.345
0 0
-3.992 3.011
-10.950 10.193

21.360
0 0
-4.037 2.950
-10.891 10.232

21.375
0 0
-4.081 2.889
-10.831 10.267

21.390
0 0
-4.123 2.828
-10.771 10.299

21.405
0 0
-4.165 2.766
-10.709 10.327

21.420
0 0
-4.206 2.703
-10.647 10.353

21.435
0 0
-4.246 2.640
-10.584 10.375

21.450
0 0
-4.286 2.576
-10.520 10.394

21.465
0 0
-4.324 2.511
-10.456 10.410

21.480
0 0
-4.361 2.446
-10.391 10.424

21.495
0 0
-4.397 2.380
-10.325 10.434

21.510
0 0
-4.432 2.314
-10.259 10.441

21.525
0 0
-4.467 2.247
-10.192 10.446

21.540
0 0
-4.500 2.180
-10.125 10.448

21.555
0 0
-4.532 2.112
-10.058 10.447

21.570
0 0
-4.563 2.044
-9.991 10.443

21.585
0 0
-4.593 1.975
-9.923 10.437

21.600
0 0
-4.622 1.906
-9.855 10.428

21.615
0 0
-4.650 1.837
-9.787 10.417

21.630
0 0
-4.677 1.767
-9.718 10.403

21.645
0 0
-4.703 1.696
-9.650 10.387

21.660
0 0
-4.728 1.626
-9.581 10.369

21.675
0 0
-4.752 1.555
-9.513 10.349

21.690
0 0
-4.775 1.483
-9.445 10.326

21.705
0 0
-4.797 1.411
-9.376 10.301

21.720
0 0
-4.817 1.339
-9.308 10.274

21.735
0 0
-4.837 1.267
-9.240 10.245

21.750
0 0
-4.855 1.194
-9.172 10.215

21.765
0 0
-4.873 1.121
-9.104 10.182

21.780
0 0
-4.889 1.048
-9.036 10.147

21.795
0 0
-4.904 0.974
-8.969 10.111

21.810
0 0
-4.918 0.901
-8.901 10.073

21.825
0 0
-4.931 0.827
-8.834 10.034

21.840
0 0
-4.943 0.753
-8.768 9.993

21.855
0 0
-4.954 0.679
-8.701 9.950

21.870
0 0
-4.963 0.604
-8.635 9.906

21.885
0 0
-4.972 0.530
-8.569 9.860

21.900
0 0
-4.979 0.455
-8.504 9.813

21.915
0 0
-4.986 0.380
-8.439 9.765

21.930
0 0
-4.991 0.306
-8.374 9.716

21.945
0 0
-4.995 0.231
-8.309 9.665

21.960
0 0
-4.998 0.156
-8.245 9.614

21.975
0 0
-4.999 0.081
-8.182 9.561

21.990
0 0
-5.000 0.006
-8.118 9.507

22.005
0 0
-5.000 -0.069
-8.056 9.452

22.020
0 0
-4.998 -0.144
-7.993 9.397

22.035
0 0
-4.995 -0.219
-7.931 9.340

22.050
0 0
-4.991 -0.294
-7.870 9.283

22.065
0 0
-4.986 -0.369
-7.808 9.225

22.080
0 0
-4.980 -0.444
-7.748 9.166

22.095
0 0
-4.973 -0.518
-7.688 9.106

22.110
0 0
-4.965 -0.593
-7.628 9.046

22.125
0 0
-4.955 -0.667
-7.568 8.985

22.140
0 0
-4.945 -0.742
-7.509 8.924

22.155
0 0
-4.933 -0.816
-7.451 8.862

22.170
0 0
-4.920 -0.889
-7.393 8.800

22.185
0 0
-4.906 -0.963
-7.336 8.737

22.200
0 0
-4.891 -1.037
-7.278 8.674

22.215
0 0
-4.875 -1.110
-7.222 8.611

22.230
0 0
-4.858 -1.183
-7.166 8.547

22.245
0 0
-4.840 -1.256
-7.110 8.483

22.260
0 0
-4.820 -1.328
-7.055 8.419

22.275
0 0
-4.800 -1.400
-7.000 8.355

22.290
0 0
-4.778 -1.472
-6.946 8.290

22.305
0 0
-4.756 -1.544
-6.892 8.226

22.320
0 0
-4.732 -1.615
-6.839 8.161

22.335
0 0
-4.707 -1.686
-6.786 8.096

22.350
0 0
-4.682 -1.756
-6.733 8.031

22.365
0 0
-4.655 -1.826
-6.681 7.966

22.380
0 0
-4.627 -1.896
-6.630 7.902

22.395
0 0
-4.598 -1.965
-6.579 7.837

22.410
0 0
-4.568 -2.034
-6.528 7.772

22.425
0 0
-4.537 -2.102
-6.478 7.708

22.440
0 0
-4.505 -2.170
-6.429 7.644

22.455
0 0
-4.472 -2.237
-6.380 7.579

22.470
0 0
-4.438 -2.304
-6.331 7.515

22.485
0 0
-4.403 -2.370
-6.283 7.452

22.500
0 0
-4.367 -2.436
-6.235 7.388

22.515
0 0
-4.329 -2.501
-6.188 7.325

22.530
0 0
-4.291 -2.566
-6.141 7.262

22.545
0 0
-4.253 -2.630
-6.094 7.199

22.560
0 0
-4.213 -2.693
-6.049 7.137

22.575
0 0
-4.172 -2.756
-6.003 7.075

22.590
0 0
-4.130 -2.818
-5.958 7.013

22.605
0 0
-4.087 -2.880
-5.914 6.952

22.620
0 0
-4.044 -2.941
-5.870 6.891

22.635
0 0
-3.999 -3.001
-5.827 6.830

22.650
0 0
-3.953 -3.061
-5.784 6.770

22.665
0 0
-3.907 -3.120
-5.741 6.710

22.680
0 0
-3.860 -3.178
-5.699 6.651

22.695
0 0
-3.812 -3.236
-5.658 6.592

22.710
0 0
-3.763 -3.293
-5.617 6.534

22.725
0 0
-3.713 -3.349
-5.576 6.476

22.740
0 0
-3.662 -3.404
-5.536 6.419

22.755
0 0
-3.611 -3.459
-5.497 6.362

22.770
0 0
-3.559 -3.512
-5.458 6.306

22.785
0 0
-3.506 -3.565
-5.420 6.250

22.800
0 0
-3.452 -3.617
-5.382 6.194

22.815
0 0
-3.397 -3.669
-5.344 6.140

22.830
0 0
-3.342 -3.719
-5.308 6.085

22.845
0 0
-3.285 -3.769
-5.271 6.032

22.860
0 0
-3.229 -3.818
-5.236 5.979

22.875
0 0
-3.171 -3.866
-5.201 5.926

22.890
0 0
-3.113 -3.913
-5.166 5.874

22.905
0 0
-3.054 -3.959
-5.132 5.822

22.920
0 0
-2.994 -4.005
-5.099 5.771

22.935
0 0
-2.933 -4.049
-5.066 5.721

22.950
0 0
-2.872 -4.093
-5.034 5.671

22.965
0 0
-2.811 -4.135
-5.002 5.622

22.980
0 0
-2.748 -4.177
-4.971 5.573

22.995
0 0
-2.685 -4.218
-4.941 5.525

23.010
0 0
-2.622 -4.258
-4.911 5.477

23.025
0 0
-2.558 -4.296
-4.882 5.430

23.040
0 0
-2.493 -4.334
-4.854 5.383

23.055
0 0
-2.428 -4.371
-4.826 5.337

23.070
0 0
-2.362 -4.407
-4.799 5.291

23.085
0 0
-2.295 -4.442
-4.773 5.246

23.100
0 0
-2.228 -4.476
-4.747 5.202

23.115
0 0
-2.161 -4.509
-4.722 5.158

23.130
0 0
-2.093 -4.541
-4.698 5.114

23.145
0 0
-2.025 -4.572
-4.675 5.071

23.160
0 0
-1.956 -4.602
-4.652 5.028

23.175
0 0
-1.887 -4.630
-4.630 4.986

23.190
0 0
-1.817 -4.658
-4.609 4.944

23.205
0 0
-1.747 -4.685
-4.588 4.903

23.220
0 0
-1.677 -4.711
-4.568 4.862

23.235
0 0
-1.606 -4.735
-4.550 4.822

23.250
0 0
-1.535 -4.759
-4.531 4.782

23.265
0 0
-1.463 -4.781
-4.514 4.742

23.280
0 0
-1.391 -4.803
-4.498 4.703

23.295
0 0
-1.319 -4.823
-4.482 4.664

23.310
0 0
-1.246 -4.842
-4.467 4.625

23.325
0 0
-1.174 -4.860
-4.453 4.587

23.340
0 0
-1.101 -4.877
-4.440 4.549

23.355
0 0
-1.027 -4.893
-4.428 4.511

23.370
0 0
-0.954 -4.908
-4.417 4.473

23.385
0 0
-0.880 -4.922
-4.406 4.436

23.400
0 0
-0.806 -4.935
-4.397 4.399

23.415
0 0
-0.732 -4.946
-4.388 4.362

23.430
0 0
-0.658 -4.957
-4.380 4.325

23.445
0 0
-0.583 -4.966
-4.374 4.288

23.460
0 0
-0.509 -4.974
-4.368 4.251

23.475
0 0
-0.434 -4.981
-4.363 4.215

23.490
0 0
-0.359 -4.987
-4.359 4.178

23.505
0 0
-0.285 -4.992
-4.356 4.142

23.520
0 0
-0.210 -4.996
-4.354 4.105

23.535
0 0
-0.135 -4.998
-4.353 4.069

23.550
0 0
-0.060 -5.000
-4.353 4.032

23.565
0 0
0.015 -5.000
-4.354 3.995

23.580
0 0
0.090 -4.999
-4.356 3.958

23.595
0 0
0.165 -4.997
-4.359 3.921

23.610
0 0
0.240 -4.994
-4.363 3.883

23.625
0 0
0.315 -4.990
-4.368 3.846

23.640
0 0
0.390 -4.985
-4.374 3.808

23.655
0 0
0.465 -4.978
-4.381 3.769

23.670
0 0
0.539 -4.971
-4.389 3.731

23.685
0 0
0.614 -4.962
-4.398 3.691

23.700
0 0
0.688 -4.952
-4.408 3.652

23.715
0 0
0.762 -4.942
-4.419 3.612

23.730
0 0
0.836 -4.930
-4.431 3.571

23.745
0 0
0.910 -4.916
-4.444 3.530

23.760
0 0
0.984 -4.902
-4.458 3.488

23.775
0 0
1.057 -4.887
-4.473 3.445

23.790
0 0
1.130 -4.871
-4.489 3.402

23.805
0 0
1.203 -4.853
-4.505 3.357

23.820
0 0
1.276 -4.834
-4.523 3.312

23.835
0 0
1.348 -4.815
-4.542 3.266

23.850
0 0
1.420 -4.794
-4.562 3.219

23.865
0 0
1.492 -4.772
-4.582 3.171

23.880
0 0
1.564 -4.749
-4.604 3.123

23.895
0 0
1.635 -4.725
-4.626 3.072

23.910
0 0
1.705 -4.700
-4.649 3.021

23.925
0 0
1.776 -4.674
-4.673 2.969

23.940
0 0
1.846 -4.647
-4.698 2.915

23.955
0 0
1.915 -4.619
-4.723 2.860

23.970
0 0
1.984 -4.589
-4.750 2.804

23.985
0 0
2.053 -4.559
-4.777 2.746

24.000
0 0
2.121 -4.528
-4.804 2.686

24.015
0 0
2.189 -4.496
-4.832 2.625

24.030
0 0
2.256 -4.462
-4.861 2.563

24.045
0 0
2.322 -4.428
-4.890 2.498

24.060
0 0
2.389 -4.393
-4.920 2.432

24.075
0 0
2.454 -4.356
-4.950 2.365

24.090
0 0
2.519 -4.319
-4.981 2.295

24.105
0 0
2.584 -4.281
-5.012 2.223

24.120
0 0
2.648 -4.241
-5.043 2.150

24.135
0 0
2.711 -4.201
-5.075 2.074

24.150
0 0
2.774 -4.160
-5.106 1.997

24.165
0 0
2.836 -4.118
-5.138 1.917

24.180
0 0
2.897 -4.075
-5.170 1.835

24.195
0 0
2.958 -4.031
-5.201 1.751

24.210
0 0
3.018 -3.986
-5.232 1.664

24.225
0 0
3.078 -3.941
-5.264 1.575

24.240
0 0
3.136 -3.894
-5.295 1.484

24.255
0 0
3.194 -3.846
-5.325 1.390

24.270
0 0
3.252 -3.798
-5.355 1.293

24.285
0 0
3.308 -3.749
-5.384 1.195

24.300
0 0
3.364 -3.699
-5.413 1.093

24.315
0 0
3.419 -3.648
-5.441 0.989

24.330
0 0
3.474 -3.596
-5.468 0.882

24.345
0 0
3.527 -3.544
-5.493 0.772

24.360
0 0
3.580 -3.491
-5.518 0.660

24.375
0 0
3.632 -3.436
-5.541 0.545

24.390
0 0
3.683 -3.382
-5.563 0.427

24.405
0 0
3.733 -3.326
-5.584 0.306

24.420
0 0
3.783 -3.270
-5.602 0.182

24.435
0 0
3.831 -3.212
-5.619 0.056

24.450
0 0
3.879 -3.155
-5.634 -0.074

24.465
0 0
3.926 -3.096
-5.647 -0.206

24.480
0 0
3.972 -3.037
-5.658 -0.341

24.495
0 0
4.017 -2.977
-5.666 -0.479

24.510
0 0
4.061 -2.916
-5.671 -0.620

24.525
0 0
4.105 -2.855
-5.674 -0.764

24.540
0 0
4.147 -2.793
-5.674 -0.911

24.555
0 0
4.188 -2.731
-5.671 -1.060

24.570
0 0
4.229 -2.668
-5.665 -1.213

24.585
0 0
4.269 -2.604
-5.655 -1.368

24.600
0 0
4.307 -2.539
-5.641 -1.525

24.615
0 0
4.345 -2.475
-5.624 -1.685

24.630
0 0
4.381 -2.409
-5.603 -1.848

24.645
0 0
4.417 -2.343
-5.578 -2.013

24.660
0 0
4.452 -2.277
-5.548 -2.181

24.675
0 0
4.485 -2.210
-5.514 -2.350

24.690
0 0
4.518 -2.142
-5.475 -2.522

24.705
0 0
4.550 -2.074
-5.431 -2.696

24.720
0 0
4.580 -2.006
-5.382 -2.872

24.735
0 0
4.610 -1.937
-5.328 -3.050

24.750
0 0
4.638 -1.867
-5.269 -3.229

24.765
0 0
4.666 -1.798
-5.204 -3.409

24.780
0 0
4.692 -1.727
-5.133 -3.591

24.795
0 0
4.718 -1.657
-5.056 -3.774

24.810
0 0
4.742 -1.586
-4.973 -3.958

24.825
0 0
4.765 -1.515
-4.883 -4.142

24.840
0 0
4.787 -1.443
-4.788 -4.327

24.855
0 0
4.808 -1.371
-4.685 -4.512

24.870
0 0
4.828 -1.299
-4.576 -4.697

24.885
0 0
4.847 -1.226
-4.460 -4.882

24.900
0 0
4.865 -1.153
-4.337 -5.066

24.915
0 0
4.882 -1.080
-4.207 -5.250

24.930
0 0
4.898 -1.007
-4.070 -5.432

24.945
0 0
4.912 -0.933
-3.925 -5.613

24.960
0 0
4.926 -0.859
-3.773 -5.792

24.975
0 0
4.938 -0.785
-3.613 -5.970

24.990
0 0
4.949 -0.711
-3.446 -6.144

25.005
0 0
4.959 -0.637
-3.271 -6.316

25.020
0 0
4.968 -0.563
-3.089 -6.485

25.035
0 0
4.976 -0.488
-2.899 -6.651

25.050
0 0
4.983 -0.413
-2.701 -6.813

25.065
0 0
4.989 -0.338
-2.496 -6.970

25.080
0 0
4.993 -0.264
-2.283 -7.124

25.095
0 0
4.996 -0.189
-2.063 -7.272

25.110
0 0
4.999 -0.114
-1.835 -7.415

25.125
0 0
5.000 -0.039
-1.599 -7.552

25.140
0 0
5.000 0.036
-1.357 -7.683

25.155
0 0
4.999 0.111
-1.107 -7.808

25.170
0 0
4.997 0.186
-0.850 -7.926

25.185
0 0
4.993 0.261
-0.587 -8.037

25.200
0 0
4.989 0.336
-0.317 -8.140

25.215
0 0
4.983 0.411
-0.041 -8.236

25.230
0 0
4.976 0.486
0.242 -8.323

25.245
0 0
4.969 0.560
0.530 -8.401

25.260
0 0
4.960 0.635
0.824 -8.470

25.275
0 0
4.949 0.709
1.123 -8.530

25.290
0 0
4.938 0.783
1.427 -8.580

25.305
0 0
4.926 0.857
1.736 -8.620

25.320
0 0
4.913 0.931
2.049 -8.650

25.335
0 0
4.898 1.004
2.365 -8.670

25.350
0 0
4.882 1.078
2.685 -8.678

25.365
0 0
4.866 1.151
3.009 -8.675

25.380
0 0
4.848 1.224
3.334 -8.661

25.395
0 0
4.829 1.296
3.662 -8.635

25.410
0 0
4.809 1.369
3.992 -8.598

25.425
0 0
4.788 1.441
4.322 -8.549

25.440
0 0
4.766 1.512
4.653 -8.487

25.455
0 0
4.743 1.584
4.985 -8.414

25.470
0 0
4.718 1.655
5.316 -8.328

25.485
0 0
4.693 1.725
5.646 -8.229

25.500
0 0
4.667 1.795
5.975 -8.119

25.515
0 0
4.639 1.865
6.302 -7.996

25.530
0 0
4.611 1.934
6.627 -7.860

25.545
0 0
4.581 2.003
6.948 -7.712

25.560
0 0
4.551 2.072
7.266 -7.552

25.575
0 0
4.519 2.140
7.580 -7.380

25.590
0 0
4.486 2.207
7.889 -7.196

25.605
0 0
4.453 2.274
8.193 -7.000

25.620
0 0
4.418 2.341
8.492 -6.792

25.635
0 0
4.382 2.407
8.784 -6.572

25.650
0 0
4.346 2.472
9.070 -6.341

25.665
0 0
4.308 2.537
9.349 -6.099

25.680
0 0
4.270 2.602
9.620 -5.847

25.695
0 0
4.230 2.665
9.883 -5.583

25.710
0 0
4.190 2.729
10.138 -5.310

25.725
0 0
4.148 2.791
10.384 -5.027

25.740
0 0
4.106 2.853
10.620 -4.734

25.755
0 0
4.063 2.914
10.847 -4.433

25.770
0 0
4.019 2.975
11.064 -4.122

25.785
0 0
3.974 3.035
11.270 -3.803

25.800
0 0
3.928 3.094
11.466 -3.477

25.815
0 0
3.881 3.153
11.650 -3.143

25.830
0 0
3.833 3.211
11.823 -2.802

25.845
0 0
3.784 3.268
11.985 -2.455

25.860
0 0
3.735 3.324
12.135 -2.102

25.875
0 0
3.685 3.380
12.273 -1.743

25.890
0 0
3.634 3.435
12.399 -1.379

25.905
0 0
3.582 3.489
12.512 -1.010

25.920
0 0
3.529 3.542
12.614 -0.638

25.935
0 0
3.475 3.595
12.702 -0.261

25.950
0 0
3.421 3.646
12.778 0.118

25.965
0 0
3.366 3.697
12.841 0.500

25.980
0 0
3.310 3.747
12.891 0.884

25.995
0 0
3.254 3.797
12.929 1.269

26.010
0 0
3.196 3.845
12.954 1.656

26.025
0 0
3.138 3.892
12.966 2.043

26.040
0 0
3.080 3.939
12.965 2.431

26.055
0 0
3.020 3.985
12.952 2.818

26.070
0 0
2.960 4.030
12.926 3.204

26.085
0 0
2.899 4.074
12.888 3.590

26.100
0 0
2.838 4.117
12.837 3.974

26.115
0 0
2.776 4.159
12.774 4.355

26.130
0 0
2.713 4.200
12.699 4.735

26.145
0 0
2.650 4.240
12.612 5.111

26.160
0 0
2.586 4.279
12.513 5.484

26.175
0 0
2.521 4.318
12.403 5.854

26.190
0 0
2.456 4.355
12.281 6.219

26.205
0 0
2.391 4.391
12.148 6.581

26.220
0 0
2.325 4.427
12.004 6.937

26.235
0 0
2.258 4.461
11.850 7.289

26.250
0 0
2.191 4.495
11.685 7.635

26.265
0 0
2.123 4.527
11.509 7.976

26.280
0 0
2.055 4.558
11.324 8.311

26.295
0 0
1.986 4.589
11.129 8.640

26.310
0 0
1.917 4.618
10.924 8.962

26.325
0 0
1.848 4.646
10.711 9.277

26.340
0 0
1.778 4.673
10.488 9.586

26.355
0 0
1.708 4.699
10.256 9.888

26.370
0 0
1.637 4.724
10.016 10.182

26.385
0 0
1.566 4.748
9.768 10.469

26.400
0 0
1.494 4.771
9.512 10.748

26.415
0 0
1.423 4.793
9.249 11.019

26.430
0 0
1.351 4.814
8.977 11.282

26.445
0 0
1.278 4.834
8.699 11.537

26.460
0 0
1.206 4.852
8.414 11.783

26.475
0 0
1.133 4.870
8.123 12.021

26.490
0 0
1.060 4.886
7.825 12.250

26.505
0 0
0.986 4.902
7.521 12.471

26.520
0 0
0.913 4.916
7.212 12.683

26.535
0 0
0.839 4.929
6.897 12.885

26.550
0 0
0.765 4.941
6.576 13.079

26.565
0 0
0.690 4.952
6.251 13.263

26.580
0 0
0.616 4.962
5.921 13.439

26.595
0 0
0.542 4.971
5.587 13.605

26.610
0 0
0.467 4.978
5.248 13.761

26.625
0 0
0.392 4.985
4.906 13.908

26.640
0 0
0.317 4.990
4.559 14.046

26.655
0 0
0.243 4.994
4.210 14.174

26.670
0 0
0.168 4.997
3.857 14.292

26.685
0 0
0.093 4.999
3.501 14.400

26.700
0 0
0.018 5.000
3.142 14.499

26.715
0 0
-0.057 5.000
2.781 14.588

26.730
0 0
-0.132 4.998
2.418 14.668

26.745
0 0
-0.207 4.996
2.053 14.737

26.760
0 0
-0.282 4.992
1.685 14.797

26.775
0 0
-0.357 4.987
1.317 14.846

26.790
0 0
-0.432 4.981
0.947 14.886

26.805
0 0
-0.506 4.974
0.576 14.916

26.820
0 0
-0.581 4.966
0.204 14.935

26.835
0 0
-0.655 4.957
-0.169 14.945

26.850
0 0
-0.730 4.946
-0.542 14.945

26.865
0 0
-0.804 4.935
-0.915 14.934

26.880
0 0
-0.878 4.922
-1.288 14.914

26.895
0 0
-0.951 4.909
-1.660 14.883

26.910
0 0
-1.025 4.894
-2.032 14.843

26.925
0 0
-1.098 4.878
-2.404 14.792

26.940
0 0
-1.171 4.861
-2.774 14.732

26.955
0 0
-1.244 4.843
-3.143 14.661

26.970
0 0
-1.317 4.824
-3.510 14.580

26.985
0 0
-1.389 4.803
-3.876 14.489

27.000
0 0
-1.461 4.782
-4.240 14.388

27.015
0 0
-1.532 4.759
-4.601 14.277

27.030
0 0
-1.603 4.736
-4.960 14.156

27.045
0 0
-1.674 4.711
-5.316 14.025

27.060
0 0
-1.745 4.686
-5.669 13.884

27.075
0 0
-1.815 4.659
-6.019 13.732

27.090
0 0
-1.885 4.631
-6.365 13.571

27.105
0 0
-1.954 4.602
-6.707 13.401

27.120
0 0
-2.023 4.573
-7.045 13.220

27.135
0 0
-2.091 4.542
-7.379 13.029

27.150
0 0
-2.159 4.510
-7.708 12.829

27.165
0 0
-2.226 4.477
-8.032 12.619

27.180
0 0
-2.293 4.443
-8.351 12.399

27.195
0 0
-2.360 4.408
-8.664 12.170

27.210
0 0
-2.425 4.372
-8.972 11.932

27.225
0 0
-2.491 4.335
-9.273 11.684

27.240
0 0
-2.555 4.298
-9.568 11.427

27.255
0 0
-2.620 4.259
-9.856 11.161

27.270
0 0
-2.683 4.219
-10.137 10.886

27.285
0 0
-2.746 4.178
-10.410 10.602

27.300
0 0
-2.809 4.137
-10.676 10.310

27.315
0 0
-2.870 4.094
-10.934 10.009

27.330
0 0
-2.931 4.051
-11.183 9.699

27.345
0 0
-2.992 4.006
-11.424 9.382

27.360
0 0
-3.052 3.961
-11.656 9.056

27.375
0 0
-3.111 3.915
-11.879 8.723

27.390
0 0
-3.169 3.867
-12.092 8.383

27.405
0 0
-3.227 3.819
-12.295 8.035

27.420
0 0
-3.284 3.771
-12.488 7.680

27.435
0 0
-3.340 3.721
-12.670 7.319

27.450
0 0
-3.395 3.670
-12.842 6.951

27.465
0 0
-3.450 3.619
-13.002 6.577

27.480
0 0
-3.504 3.567
-13.151 6.198

27.495
0 0
-3.557 3.514
-13.289 5.813

27.510
0 0
-3.609 3.460
-13.415 5.423

27.525
0 0
-3.661 3.406
-13.528 5.029

27.540
0 0
-3.711 3.350
-13.629 4.630

27.555
0 0
-3.761 3.294
-13.718 4.227

27.570
0 0
-3.810 3.238
-13.793 3.821

27.585
0 0
-3.858 3.180
-13.856 3.412

27.600
0 0
-3.906 3.122
-13.905 3.000

27.615
0 0
-3.952 3.063
-13.941 2.587

27.630
0 0
-3.998 3.003
-13.963 2.172

27.645
0 0
-4.042 2.943
-13.971 1.755

27.660
0 0
-4.086 2.882
-13.966 1.339

27.675
0 0
-4.129 2.820
-13.947 0.922

27.690
0 0
-4.170 2.758
-13.913 0.505

27.705
0 0
-4.211 2.695
-13.866 0.090

27.720
0 0
-4.251 2.632
-13.805 -0.324

27.735
0 0
-4.290 2.568
-13.729 -0.735

27.750
0 0
-4.328 2.503
-13.639 -1.144

27.765
0 0
-4.365 2.438
-13.536 -1.550

27.780
0 0
-4.401 2.372
-13.418 -1.951

27.795
0 0
-4.437 2.306
-13.287 -2.349

27.810
0 0
-4.471 2.239
-13.142 -2.741

27.825
0 0
-4.504 2.172
-12.984 -3.128

27.840
0 0
-4.536 2.104
-12.812 -3.509

27.855
0 0
-4.567 2.036
-12.627 -3.883

27.870
0 0
-4.597 1.967
-12.430 -4.250

27.885
0 0
-4.626 1.898
-12.220 -4.609

27.900
0 0
-4.654 1.828
-11.997 -4.960

27.915
0 0
-4.681 1.758
-11.763 -5.302

27.930
0 0
-4.707 1.688
-11.517 -5.634

27.945
0 0
-4.731 1.617
-11.260 -5.957

27.960
0 0
-4.755 1.546
-10.993 -6.270

27.975
0 0
-4.778 1.474
-10.715 -6.572

27.990
0 0
-4.799 1.403
-10.427 -6.864

28.005
0 0
-4.820 1.330
-10.130 -7.143

28.020
0 0
-4.839 1.258
-9.824 -7.411

28.035
0 0
-4.857 1.185
-9.510 -7.667

28.050
0 0
-4.875 1.112
-9.188 -7.910

28.065
0 0
-4.891 1.039
-8.859 -8.140

28.080
0 0
-4.906 0.966
-8.523 -8.357

28.095
0 0
-4.920 0.892
-8.182 -8.561

28.110
0 0
-4.933 0.818
-7.834 -8.752

28.125
0 0
-4.944 0.744
-7.483 -8.929

28.140
0 0
-4.955 0.670
-7.126 -9.092

28.155
0 0
-4.964 0.595
-6.767 -9.241

28.170
0 0
-4.973 0.521
-6.404 -9.376

28.185
0 0
-4.980 0.446
-6.039 -9.498

28.200
0 0
-4.986 0.371
-5.672 -9.605

28.215
0 0
-4.991 0.296
-5.305 -9.699

28.230
0 0
-4.995 0.222
-4.936 -9.778

28.245
0 0
-4.998 0.147
-4.568 -9.844

28.260
0 0
-4.999 0.072
-4.200 -9.896

28.275
0 0
-5.000 -0.003
-3.834 -9.935

28.290
0 0
-4.999 -0.078
-3.470 -9.961

28.305
0 0
-4.998 -0.153
-3.107 -9.973

28.320
0 0
-4.995 -0.228
-2.748 -9.973

28.335
0 0
-4.991 -0.303
-2.392 -9.960

28.350
0 0
-4.986 -0.378
-2.040 -9.934

28.365
0 0
-4.979 -0.453
-1.693 -9.897

28.380
0 0
-4.972 -0.527
-1.350 -9.848

28.395
0 0
-4.964 -0.602
-1.012 -9.788

28.410
0 0
-4.954 -0.676
-0.680 -9.717

28.425
0 0
-4.943 -0.750
-0.355 -9.635

28.440
0 0
-4.932 -0.825
-0.035 -9.544

28.455
0 0
-4.919 -0.898
0.278 -9.442

28.470
0 0
-4.905 -0.972
0.584 -9.331

28.485
0 0
-4.889 -1.046
0.882 -9.212

28.500
0 0
-4.873 -1.119
1.173 -9.084

28.515
0 0
-4.856 -1.192
1.457 -8.948

28.530
0 0
-4.837 -1.264
1.732 -8.804

28.545
0 0
-4.818 -1.337
1.999 -8.653

28.560
0 0
-4.797 -1.409
2.258 -8.496

28.575
0 0
-4.776 -1.481
2.509 -8.332

28.590
0 0
-4.753 -1.552
2.751 -8.163

28.605
0 0
-4.729 -1.623
2.984 -7.988

28.620
0 0
-4.704 -1.694
3.209 -7.808

28.635
0 0
-4.678 -1.764
3.425 -7.624

28.650
0 0
-4.651 -1.834
3.633 -7.436

28.665
0 0
-4.623 -1.904
3.832 -7.244

28.680
0 0
-4.594 -1.973
4.022 -7.049

28.695
0 0
-4.564 -2.042
4.204 -6.851

28.710
0 0
-4.533 -2.110
4.377 -6.650

28.725
0 0
-4.501 -2.178
4.542 -6.448

28.740
0 0
-4.468 -2.245
4.698 -6.243

28.755
0 0
-4.433 -2.312
4.847 -6.038

28.770
0 0
-4.398 -2.378
4.987 -5.831

28.785
0 0
-4.362 -2.444
5.119 -5.624

28.800
0 0
-4.325 -2.509
5.243 -5.416

28.815
0 0
-4.287 -2.574
5.360 -5.208

28.830
0 0
-4.248 -2.638
5.469 -5.000

28.845
0 0
-4.208 -2.701
5.571 -4.793

28.860
0 0
-4.167 -2.764
5.666 -4.586

28.875
0 0
-4.125 -2.826
5.754 -4.380

28.890
0 0
-4.082 -2.888
5.835 -4.176

28.905
0 0
-4.038 -2.948
5.909 -3.973

28.920
0 0
-3.993 -3.009
5.977 -3.771

28.935
0 0
-3.948 -3.068
6.039 -3.571

28.950
0 0
-3.901 -3.127
6.096 -3.373

28.965
0 0
-3.854 -3.185
6.146 -3.177

28.980
0 0
-3.806 -3.243
6.191 -2.983

28.995
0 0
-3.757 -3.299
6.230 -2.792

29.010
0 0
-3.707 -3.355
6.265 -2.603

29.025
0 0
-3.656 -3.411
6.294 -2.417

29.040
0 0
-3.605 -3.465
6.319 -2.233

29.055
0 0
-3.552 -3.519
6.340 -2.052

29.070
0 0
-3.499 -3.572
6.356 -1.874

29.085
0 0
-3.445 -3.624
6.368 -1.699

29.100
0 0
-3.390 -3.675
6.376 -1.527

29.115
0 0
-3.335 -3.725
6.381 -1.358

29.130
0 0
-3.279 -3.775
6.382 -1.191

29.145
0 0
-3.222 -3.824
6.380 -1.028

29.160
0 0
-3.164 -3.872
6.375 -0.869

29.175
0 0
-3.105 -3.919
6.366 -0.712

29.190
0 0
-3.046 -3.965
6.356 -0.558

29.205
0 0
-2.986 -4.010
6.342 -0.408

29.220
0 0
-2.926 -4.054
6.326 -0.260

29.235
0 0
-2.865 -4.098
6.308 -0.116

29.250
0 0
-2.803 -4.140
6.288 0.025

29.265
0 0
-2.741 -4.182
6.266 0.163

29.280
0 0
-2.678 -4.223
6.242 0.298

29.295
0 0
-2.614 -4.262
6.217 0.430

29.310
0 0
-2.550 -4.301
6.190 0.559

29.325
0 0
-2.485 -4.339
6.162 0.685

29.340
0 0
-2.420 -4.376
6.132 0.808

29.355
0 0
-2.354 -4.411
6.101 0.928

29.370
0 0
-2.287 -4.446
6.070 1.045

29.385
0 0
-2.220 -4.480
6.037 1.160

29.400
0 0
-2.153 -4.513
6.004 1.272

29.415
0 0
-2.085 -4.545
5.970 1.381

29.430
0 0
-2.017 -4.575
5.936 1.488

29.445
0 0
-1.948 -4.605
5.901 1.591

29.460
0 0
-1.878 -4.634
5.866 1.693

29.475
0 0
-1.809 -4.661
5.830 1.792

29.490
0 0
-1.739 -4.688
5.795 1.889

29.505
0 0
-1.668 -4.714
5.759 1.983

29.520
0 0
-1.597 -4.738
5.723 2.075

29.535
0 0
-1.526 -4.761
5.687 2.165

29.550
0 0
-1.454 -4.784
5.651 2.253

29.565
0 0
-1.382 -4.805
5.616 2.338

29.580
0 0
-1.310 -4.825
5.580 2.422

29.595
0 0
-1.238 -4.844
5.545 2.504

29.610
0 0
-1.165 -4.862
5.510 2.583

29.625
0 0
-1.092 -4.879
5.476 2.662

29.640
0 0
-1.018 -4.895
5.442 2.738

29.655
0 0
-0.945 -4.910
5.408 2.813

29.670
0 0
-0.871 -4.924
5.375 2.886

29.685
0 0
-0.797 -4.936
5.343 2.957

29.700
0 0
-0.723 -4.947
5.311 3.027

29.715
0 0
-0.649 -4.958
5.279 3.096

29.730
0 0
-0.574 -4.967
5.249 3.163

29.745
0 0
-0.500 -4.975
5.218 3.229

29.760
0 0
-0.425 -4.982
5.189 3.293

29.775
0 0
-0.350 -4.988
5.160 3.357

29.790
0 0
-0.276 -4.992
5.132 3.419

29.805
0 0
-0.201 -4.996
5.105 3.480

29.820
0 0
-0.126 -4.998
5.078 3.541

29.835
0 0
-0.051 -5.000
5.053 3.600

29.850
0 0
0.024 -5.000
5.028 3.658

29.865
0 0
0.099 -4.999
5.003 3.716

29.880
0 0
0.174 -4.997
4.980 3.773

29.895
0 0
0.249 -4.994
4.957 3.829

29.910
0 0
0.324 -4.989
4.936 3.884

29.925
0 0
0.399 -4.984
4.915 3.938

29.940
0 0
0.474 -4.978
4.894 3.992

29.955
0 0
0.548 -4.970
4.875 4.046

29.970
0 0
0.623 -4.961
4.856 4.098

29.985
0 0
0.697 -4.951
4.839 4.151

30.000
0 0
0.771 -4.940
4.822 4.203

